Higher-order motifs with three nodes:

Type 1: [[0, 1], [0, 2]]
Type 2: [[0, 1], [0, 2], [1, 2]]
Type 3: [[0, 1, 2]]
Type 4: [[0, 1, 2], [0, 1]]
Type 5: [[0, 1, 2], [0, 1], [0, 2]]
Type 6: [[0, 1, 2], [0, 1], [0, 2], [1, 2]]


Higher-order motifs with four nodes:

Type 1: [[0, 1], [0, 2], [0, 3]]
Type 2: [[0, 1], [0, 2], [1, 3]]
Type 3: [[0, 1], [0, 2], [1, 2], [0, 3]]
Type 4: [[0, 1], [0, 2], [1, 3], [2, 3]]
Type 5: [[1, 2], [0, 3], [0, 1], [0, 2], [1, 3]]
Type 6: [[2, 3], [1, 2], [0, 3], [0, 1], [0, 2], [1, 3]]
Type 7: [[0, 1], [0, 2, 3]]
Type 8: [[0, 1], [0, 1, 2], [0, 3]]
Type 9: [[0, 1], [0, 2], [0, 1, 2], [0, 3]]
Type 10: [[0, 1], [2, 3], [0, 1, 2]]
Type 11: [[0, 1], [0, 2], [1, 3], [0, 1, 2]]
Type 12: [[1, 2], [0, 1, 2], [0, 3], [0, 1], [0, 2]]
Type 13: [[1, 2, 3], [0, 1], [0, 2]]
Type 14: [[0, 1], [1, 3], [0, 1, 2], [0, 3]]
Type 15: [[0, 1], [2, 3], [0, 1, 2], [0, 3]]
Type 16: [[0, 1, 2], [0, 3], [0, 1], [0, 2], [1, 3]]
Type 17: [[2, 3], [0, 1, 2], [0, 1], [0, 2], [1, 3]]
Type 18: [[0, 1, 2], [1, 2], [0, 3], [0, 1], [0, 2], [1, 3]]
Type 19: [[1, 2, 3], [0, 1], [0, 2], [0, 3]]
Type 20: [[2, 3], [0, 1, 2], [0, 3], [0, 1], [1, 3]]
Type 21: [[2, 3], [0, 1, 2], [0, 3], [0, 1], [0, 2], [1, 3]]
Type 22: [[2, 3], [0, 1, 2], [1, 2], [0, 3], [0, 1], [0, 2], [1, 3]]
Type 23: [[0, 1, 3], [0, 1, 2]]
Type 24: [[0, 1], [0, 1, 3], [0, 1, 2]]
Type 25: [[0, 1], [0, 2, 3], [0, 1, 2]]
Type 26: [[0, 1], [0, 2], [0, 1, 3], [0, 1, 2]]
Type 27: [[0, 1], [0, 2, 3], [0, 1, 2], [0, 3]]
Type 28: [[0, 1, 2], [0, 3], [0, 1], [0, 2], [0, 1, 3]]
Type 29: [[1, 2, 3], [0, 1], [0, 2], [0, 1, 2]]
Type 30: [[1, 2], [0, 1, 2], [0, 1], [0, 2], [0, 1, 3]]
Type 31: [[0, 1], [0, 2, 3], [2, 3], [0, 1, 2]]
Type 32: [[0, 1, 2], [0, 1], [0, 2], [1, 3], [0, 1, 3]]
Type 33: [[0, 1, 2], [0, 1], [0, 2], [1, 2, 3], [1, 3]]
Type 34: [[1, 2], [0, 1, 2], [0, 3], [0, 1], [0, 2], [0, 1, 3]]
Type 35: [[2, 3], [0, 1, 2], [0, 1], [0, 2], [1, 2, 3], [1, 3]]
Type 36: [[0, 1, 2], [1, 2], [0, 3], [0, 1], [0, 2], [1, 3], [0, 1, 3]]
Type 37: [[1, 2, 3], [0, 1], [0, 2, 3]]
Type 38: [[0, 1], [0, 1, 3], [2, 3], [0, 1, 2]]
Type 39: [[0, 1], [1, 3], [0, 2, 3], [0, 1, 2]]
Type 40: [[2, 3], [0, 1, 2], [0, 1], [0, 2], [0, 1, 3]]
Type 41: [[0, 2, 3], [0, 1, 2], [0, 3], [0, 1], [1, 3]]
Type 42: [[2, 3], [0, 1, 2], [0, 3], [0, 1], [0, 2], [0, 1, 3]]
Type 43: [[0, 1, 2], [0, 3], [0, 1], [0, 2], [1, 2, 3]]
Type 44: [[2, 3], [1, 2], [0, 1, 2], [0, 1], [0, 2], [0, 1, 3]]
Type 45: [[0, 2, 3], [2, 3], [0, 1, 2], [0, 1], [1, 3]]
Type 46: [[2, 3], [0, 1, 2], [0, 1], [0, 2], [1, 3], [0, 1, 3]]
Type 47: [[0, 1, 2], [0, 3], [0, 1], [0, 2], [1, 2, 3], [1, 3]]
Type 48: [[2, 3], [0, 1, 2], [1, 2], [0, 3], [0, 1], [0, 2], [0, 1, 3]]
Type 49: [[2, 3], [0, 1, 2], [0, 3], [0, 1], [0, 2], [1, 2, 3], [1, 3]]
Type 50: [[2, 3], [0, 1, 2], [1, 2], [0, 3], [0, 1], [0, 2], [1, 3], [0, 1, 3]]
Type 51: [[0, 1, 3], [0, 2, 3], [0, 1, 2]]
Type 52: [[0, 1], [0, 1, 3], [0, 2, 3], [0, 1, 2]]
Type 53: [[0, 2, 3], [0, 1, 2], [0, 1], [0, 2], [0, 1, 3]]
Type 54: [[0, 2, 3], [0, 1, 2], [0, 3], [0, 1], [0, 2], [0, 1, 3]]
Type 55: [[1, 2, 3], [0, 1], [0, 2, 3], [0, 1, 2]]
Type 56: [[0, 1, 2], [0, 1], [0, 2], [1, 2, 3], [0, 1, 3]]
Type 57: [[0, 2, 3], [1, 2], [0, 1, 2], [0, 1], [0, 2], [0, 1, 3]]
Type 58: [[0, 2, 3], [2, 3], [0, 1, 2], [0, 1], [0, 1, 3]]
Type 59: [[0, 2, 3], [0, 1, 2], [0, 1], [0, 2], [1, 3], [0, 1, 3]]
Type 60: [[0, 2, 3], [1, 2], [0, 1, 2], [0, 3], [0, 1], [0, 2], [0, 1, 3]]
Type 61: [[0, 2, 3], [0, 1, 2], [0, 3], [0, 1], [1, 2, 3]]
Type 62: [[0, 1, 2], [0, 3], [0, 1], [0, 2], [1, 2, 3], [0, 1, 3]]
Type 63: [[2, 3], [0, 1, 2], [0, 1], [0, 2], [1, 2, 3], [0, 1, 3]]
Type 64: [[0, 2, 3], [1, 2], [0, 1, 2], [0, 1], [0, 2], [1, 3], [0, 1, 3]]
Type 65: [[0, 2, 3], [2, 3], [0, 1, 2], [0, 1], [0, 2], [1, 3], [0, 1, 3]]
Type 66: [[0, 2, 3], [0, 1, 2], [1, 2], [0, 3], [0, 1], [0, 2], [1, 3], [0, 1, 3]]
Type 67: [[0, 2, 3], [0, 1, 2], [0, 3], [0, 1], [1, 2, 3], [1, 3]]
Type 68: [[2, 3], [0, 1, 2], [0, 3], [0, 1], [0, 2], [1, 2, 3], [0, 1, 3]]
Type 69: [[0, 2, 3], [2, 3], [0, 1, 2], [1, 2], [0, 1], [0, 2], [1, 3], [0, 1, 3]]
Type 70: [[0, 2, 3], [2, 3], [0, 1, 2], [1, 2], [0, 3], [0, 1], [0, 2], [1, 3], [0, 1, 3]]
Type 71: [[1, 2, 3], [0, 1, 3], [0, 2, 3], [0, 1, 2]]
Type 72: [[0, 2, 3], [0, 1, 2], [0, 1], [1, 2, 3], [0, 1, 3]]
Type 73: [[0, 2, 3], [0, 1, 2], [0, 1], [0, 2], [1, 2, 3], [0, 1, 3]]
Type 74: [[0, 2, 3], [0, 1, 2], [0, 3], [0, 1], [0, 2], [1, 2, 3], [0, 1, 3]]
Type 75: [[0, 2, 3], [1, 2], [0, 1, 2], [0, 1], [0, 2], [1, 2, 3], [0, 1, 3]]
Type 76: [[0, 2, 3], [2, 3], [0, 1, 2], [0, 1], [1, 2, 3], [0, 1, 3]]
Type 77: [[0, 2, 3], [0, 1, 2], [0, 1], [0, 2], [1, 3], [1, 2, 3], [0, 1, 3]]
Type 78: [[0, 2, 3], [1, 2], [0, 1, 2], [0, 3], [0, 1], [0, 2], [1, 2, 3], [0, 1, 3]]
Type 79: [[0, 2, 3], [2, 3], [0, 1, 2], [0, 1], [0, 2], [1, 3], [1, 2, 3], [0, 1, 3]]
Type 80: [[0, 2, 3], [0, 1, 2], [1, 2], [0, 3], [0, 1], [0, 2], [1, 3], [1, 2, 3], [0, 1, 3]]
Type 81: [[0, 2, 3], [2, 3], [0, 1, 2], [1, 2], [0, 3], [0, 1], [0, 2], [1, 3], [1, 2, 3], [0, 1, 3]]
Type 82: [[0, 1, 2, 3]]
Type 83: [[0, 1], [0, 1, 2, 3]]
Type 84: [[0, 1], [0, 2], [0, 1, 2, 3]]
Type 85: [[0, 1], [0, 2], [0, 1, 2, 3], [0, 3]]
Type 86: [[0, 1], [0, 2], [0, 1, 2, 3], [1, 2]]
Type 87: [[0, 1], [0, 1, 2, 3], [2, 3]]
Type 88: [[0, 1], [0, 2], [0, 1, 2, 3], [1, 3]]
Type 89: [[1, 2], [0, 3], [0, 1], [0, 2], [0, 1, 2, 3]]
Type 90: [[2, 3], [0, 1], [0, 2], [0, 1, 2, 3], [1, 3]]
Type 91: [[1, 2], [0, 3], [0, 1], [0, 2], [0, 1, 2, 3], [1, 3]]
Type 92: [[2, 3], [1, 2], [0, 3], [0, 1], [0, 2], [0, 1, 2, 3], [1, 3]]
Type 93: [[0, 1, 2, 3], [0, 1, 2]]
Type 94: [[0, 1], [0, 1, 2, 3], [0, 1, 2]]
Type 95: [[0, 1], [0, 2], [0, 1, 2, 3], [0, 1, 2]]
Type 96: [[0, 1], [0, 1, 2, 3], [0, 2, 3]]
Type 97: [[0, 1], [0, 1, 2, 3], [0, 1, 2], [0, 3]]
Type 98: [[0, 1, 2], [0, 3], [0, 1], [0, 2], [0, 1, 2, 3]]
Type 99: [[1, 2], [0, 1, 2], [0, 1], [0, 2], [0, 1, 2, 3]]
Type 100: [[0, 1], [0, 1, 2, 3], [2, 3], [0, 1, 2]]
Type 101: [[0, 1, 2], [0, 1], [0, 2], [0, 1, 2, 3], [1, 3]]
Type 102: [[1, 2], [0, 1, 2], [0, 3], [0, 1], [0, 2], [0, 1, 2, 3]]
Type 103: [[1, 2, 3], [0, 1], [0, 2], [0, 1, 2, 3]]
Type 104: [[0, 1, 2], [0, 3], [0, 1], [0, 1, 2, 3], [1, 3]]
Type 105: [[2, 3], [0, 1, 2], [0, 3], [0, 1], [0, 1, 2, 3]]
Type 106: [[0, 1, 2], [0, 3], [0, 1], [0, 2], [0, 1, 2, 3], [1, 3]]
Type 107: [[2, 3], [0, 1, 2], [0, 1], [0, 2], [0, 1, 2, 3], [1, 3]]
Type 108: [[0, 1, 2], [1, 2], [0, 3], [0, 1], [0, 2], [0, 1, 2, 3], [1, 3]]
Type 109: [[0, 3], [0, 1], [0, 2], [0, 1, 2, 3], [1, 2, 3]]
Type 110: [[2, 3], [0, 1, 2], [0, 3], [0, 1], [0, 1, 2, 3], [1, 3]]
Type 111: [[2, 3], [0, 1, 2], [0, 3], [0, 1], [0, 2], [0, 1, 2, 3], [1, 3]]
Type 112: [[2, 3], [0, 1, 2], [1, 2], [0, 3], [0, 1], [0, 2], [0, 1, 2, 3], [1, 3]]
Type 113: [[0, 1, 3], [0, 1, 2], [0, 1, 2, 3]]
Type 114: [[0, 1], [0, 1, 3], [0, 1, 2], [0, 1, 2, 3]]
Type 115: [[0, 1], [0, 1, 2, 3], [0, 2, 3], [0, 1, 2]]
Type 116: [[0, 1, 2], [0, 1], [0, 2], [0, 1, 2, 3], [0, 1, 3]]
Type 117: [[0, 2, 3], [0, 1, 2], [0, 3], [0, 1], [0, 1, 2, 3]]
Type 118: [[0, 1, 2], [0, 3], [0, 1], [0, 2], [0, 1, 2, 3], [0, 1, 3]]
Type 119: [[0, 1, 2], [0, 1], [0, 2], [0, 1, 2, 3], [1, 2, 3]]
Type 120: [[1, 2], [0, 1, 2], [0, 1], [0, 2], [0, 1, 2, 3], [0, 1, 3]]
Type 121: [[0, 2, 3], [2, 3], [0, 1, 2], [0, 1], [0, 1, 2, 3]]
Type 122: [[0, 1, 2], [0, 1], [0, 2], [0, 1, 2, 3], [1, 3], [0, 1, 3]]
Type 123: [[0, 1, 2], [0, 1], [0, 2], [0, 1, 2, 3], [1, 2, 3], [1, 3]]
Type 124: [[1, 2], [0, 1, 2], [0, 3], [0, 1], [0, 2], [0, 1, 2, 3], [0, 1, 3]]
Type 125: [[2, 3], [0, 1, 2], [0, 1], [0, 2], [0, 1, 2, 3], [1, 2, 3], [1, 3]]
Type 126: [[0, 1, 2], [1, 2], [0, 3], [0, 1], [0, 2], [0, 1, 2, 3], [1, 3], [0, 1, 3]]
Type 127: [[1, 2, 3], [0, 1], [0, 1, 2, 3], [0, 2, 3]]
Type 128: [[2, 3], [0, 1, 2], [0, 1], [0, 1, 2, 3], [0, 1, 3]]
Type 129: [[0, 2, 3], [0, 1, 2], [0, 1], [0, 1, 2, 3], [1, 3]]
Type 130: [[2, 3], [0, 1, 2], [0, 1], [0, 2], [0, 1, 2, 3], [0, 1, 3]]
Type 131: [[0, 2, 3], [0, 1, 2], [0, 3], [0, 1], [0, 1, 2, 3], [1, 3]]
Type 132: [[2, 3], [0, 1, 2], [0, 3], [0, 1], [0, 2], [0, 1, 2, 3], [0, 1, 3]]
Type 133: [[0, 1, 2], [0, 3], [0, 1], [0, 2], [0, 1, 2, 3], [1, 2, 3]]
Type 134: [[2, 3], [1, 2], [0, 1, 2], [0, 1], [0, 2], [0, 1, 2, 3], [0, 1, 3]]
Type 135: [[0, 2, 3], [2, 3], [0, 1, 2], [0, 1], [0, 1, 2, 3], [1, 3]]
Type 136: [[2, 3], [0, 1, 2], [0, 1], [0, 2], [0, 1, 2, 3], [1, 3], [0, 1, 3]]
Type 137: [[0, 1, 2], [0, 3], [0, 1], [0, 2], [0, 1, 2, 3], [1, 2, 3], [1, 3]]
Type 138: [[2, 3], [0, 1, 2], [1, 2], [0, 3], [0, 1], [0, 2], [0, 1, 2, 3], [0, 1, 3]]
Type 139: [[2, 3], [0, 1, 2], [0, 3], [0, 1], [0, 2], [0, 1, 2, 3], [1, 2, 3], [1, 3]]
Type 140: [[2, 3], [0, 1, 2], [1, 2], [0, 3], [0, 1], [0, 2], [0, 1, 2, 3], [1, 3], [0, 1, 3]]
Type 141: [[0, 1, 3], [0, 2, 3], [0, 1, 2], [0, 1, 2, 3]]
Type 142: [[0, 2, 3], [0, 1, 2], [0, 1], [0, 1, 2, 3], [0, 1, 3]]
Type 143: [[0, 2, 3], [0, 1, 2], [0, 1], [0, 2], [0, 1, 2, 3], [0, 1, 3]]
Type 144: [[0, 2, 3], [0, 1, 2], [0, 3], [0, 1], [0, 2], [0, 1, 2, 3], [0, 1, 3]]
Type 145: [[0, 2, 3], [0, 1, 2], [0, 1], [0, 1, 2, 3], [1, 2, 3]]
Type 146: [[0, 1, 2], [0, 1], [0, 2], [0, 1, 2, 3], [1, 2, 3], [0, 1, 3]]
Type 147: [[0, 2, 3], [1, 2], [0, 1, 2], [0, 1], [0, 2], [0, 1, 2, 3], [0, 1, 3]]
Type 148: [[0, 2, 3], [2, 3], [0, 1, 2], [0, 1], [0, 1, 2, 3], [0, 1, 3]]
Type 149: [[0, 2, 3], [0, 1, 2], [0, 1], [0, 2], [0, 1, 2, 3], [1, 3], [0, 1, 3]]
Type 150: [[0, 2, 3], [1, 2], [0, 1, 2], [0, 3], [0, 1], [0, 2], [0, 1, 2, 3], [0, 1, 3]]
Type 151: [[0, 2, 3], [0, 1, 2], [0, 3], [0, 1], [0, 1, 2, 3], [1, 2, 3]]
Type 152: [[0, 1, 2], [0, 3], [0, 1], [0, 2], [0, 1, 2, 3], [1, 2, 3], [0, 1, 3]]
Type 153: [[2, 3], [0, 1, 2], [0, 1], [0, 2], [0, 1, 2, 3], [1, 2, 3], [0, 1, 3]]
Type 154: [[0, 2, 3], [1, 2], [0, 1, 2], [0, 1], [0, 2], [0, 1, 2, 3], [1, 3], [0, 1, 3]]
Type 155: [[0, 2, 3], [2, 3], [0, 1, 2], [0, 1], [0, 2], [0, 1, 2, 3], [1, 3], [0, 1, 3]]
Type 156: [[0, 2, 3], [0, 1, 2], [1, 2], [0, 3], [0, 1], [0, 2], [0, 1, 2, 3], [1, 3], [0, 1, 3]]
Type 157: [[0, 2, 3], [0, 1, 2], [0, 3], [0, 1], [0, 1, 2, 3], [1, 2, 3], [1, 3]]
Type 158: [[2, 3], [0, 1, 2], [0, 3], [0, 1], [0, 2], [0, 1, 2, 3], [1, 2, 3], [0, 1, 3]]
Type 159: [[0, 2, 3], [2, 3], [0, 1, 2], [1, 2], [0, 1], [0, 2], [0, 1, 2, 3], [1, 3], [0, 1, 3]]
Type 160: [[0, 2, 3], [2, 3], [0, 1, 2], [1, 2], [0, 3], [0, 1], [0, 2], [0, 1, 2, 3], [1, 3], [0, 1, 3]]
Type 161: [[0, 2, 3], [0, 1, 2], [0, 1, 2, 3], [1, 2, 3], [0, 1, 3]]
Type 162: [[0, 2, 3], [0, 1, 2], [0, 1], [0, 1, 2, 3], [1, 2, 3], [0, 1, 3]]
Type 163: [[0, 2, 3], [0, 1, 2], [0, 1], [0, 2], [0, 1, 2, 3], [1, 2, 3], [0, 1, 3]]
Type 164: [[0, 2, 3], [0, 1, 2], [0, 3], [0, 1], [0, 2], [0, 1, 2, 3], [1, 2, 3], [0, 1, 3]]
Type 165: [[0, 2, 3], [1, 2], [0, 1, 2], [0, 1], [0, 2], [0, 1, 2, 3], [1, 2, 3], [0, 1, 3]]
Type 166: [[0, 2, 3], [2, 3], [0, 1, 2], [0, 1], [0, 1, 2, 3], [1, 2, 3], [0, 1, 3]]
Type 167: [[0, 2, 3], [0, 1, 2], [0, 1], [0, 2], [0, 1, 2, 3], [1, 3], [1, 2, 3], [0, 1, 3]]
Type 168: [[0, 2, 3], [1, 2], [0, 1, 2], [0, 3], [0, 1], [0, 2], [0, 1, 2, 3], [1, 2, 3], [0, 1, 3]]
Type 169: [[0, 2, 3], [2, 3], [0, 1, 2], [0, 1], [0, 2], [0, 1, 2, 3], [1, 3], [1, 2, 3], [0, 1, 3]]
Type 170: [[0, 2, 3], [0, 1, 2], [1, 2], [0, 3], [0, 1], [0, 2], [0, 1, 2, 3], [1, 3], [1, 2, 3], [0, 1, 3]]
Type 171: [[0, 2, 3], [2, 3], [0, 1, 2], [1, 2], [0, 3], [0, 1], [0, 2], [0, 1, 2, 3], [1, 3], [1, 2, 3], [0, 1, 3]]