1 4 
1 129 117 
1 51 
1 41 
1 117 
65 1 
1 107 
1 129 
1 122 
1 122 29 
1 51 41 
65 1 41 
1 71 
1 29 
1 63 
120 1 
1 98 
1 29 41 
1 23 
1 147 
1 51 29 41 
1 97 
1 79 
1 57 
1 125 
8 1 
112 1 
1 142 
136 1 
1 62 
1 132 
65 1 120 97 
1 52 
40 2 
72 2 115 63 
72 2 
2 95 
2 147 
2 63 
56 2 
2 115 
2 140 
2 147 61 
1 2 
72 2 75 58 
129 2 117 85 
129 2 
2 61 
2 115 63 
2 111 
80 2 95 
2 93 
2 117 79 
80 2 
2 140 61 63 
140 2 58 
129 2 75 
72 2 95 
2 58 
2 11 
137 2 
40 2 72 
72 2 75 
2 85 111 
2 99 
41 2 85 
128 2 
2 85 
40 2 95 
3 38 
3 102 
4 44 
4 84 
4 20 
41 4 
65 6 70 
70 6 
65 6 
112 6 
74 6 
74 6 111 
19 6 
58 6 
145 6 
6 39 
70 6 39 
65 6 111 
6 111 
54 6 
65 97 6 70 
65 41 6 
88 6 
9 21 126 7 
126 7 
28 7 
104 7 
28 60 7 
8 115 
8 115 63 
8 143 
8 61 
8 129 
8 59 70 
8 140 
8 140 23 
8 12 
8 63 
8 63 23 
8 23 
8 118 
8 77 
8 141 
8 57 
8 63 61 23 
8 136 
8 56 
8 61 23 
8 59 141 
8 132 
8 59 39 
8 61 63 
8 147 
8 64 
8 145 
8 12 61 63 
8 59 
8 104 
11 85 
115 11 
11 61 
11 23 
40 11 
11 78 
12 63 
12 23 
17 12 57 
140 12 
140 12 63 
12 77 
64 12 
12 61 
147 12 
13 126 
13 7 
53 13 
60 14 
105 14 
43 15 
76 15 
108 15 
104 132 15 
104 15 
63 61 15 
8 15 
17 33 
17 69 
17 110 
17 52 
17 76 
17 46 
17 138 76 45 
17 36 46 
17 27 
17 36 
17 52 46 76 
17 68 
17 52 46 
17 138 
17 53 
18 109 
18 4 130 84 
113 18 109 
18 4 130 
144 18 
113 18 
128 19 
19 28 
19 103 
116 20 125 
20 125 
20 125 44 
57 20 
20 44 
125 4 20 44 
116 57 20 125 
112 20 
33 20 
116 20 125 44 
20 53 
116 20 
108 20 
108 20 125 
108 20 125 44 
116 4 20 44 
112 20 45 
43 20 125 44 
51 20 
57 20 125 
17 20 
4 20 44 
116 20 44 
125 4 20 
116 125 4 20 
116 1 20 125 
112 17 20 
112 33 20 
108 116 20 125 
112 33 20 45 
33 20 45 
1 20 
136 33 20 45 
116 1 20 
20 23 
136 20 
20 118 
63 20 61 23 
100 20 
20 45 
116 20 136 
116 4 20 
116 20 23 
138 27 20 69 
116 20 136 23 
20 68 
113 22 
82 22 
106 22 
93 85 23 
57 23 
140 77 23 
93 23 
43 23 
102 23 
115 23 
93 63 38 23 
63 23 
116 23 
115 93 63 23 
115 63 23 
93 63 23 
108 23 
125 23 
93 38 23 
136 23 
118 23 
104 93 23 
117 23 
77 23 
140 23 
1 85 23 
57 116 125 23 
64 23 
8 56 43 23 
136 1 23 
85 23 
125 93 23 
116 125 23 
56 23 
148 23 
111 23 
43 12 23 
117 63 79 23 
117 63 23 
136 63 23 
140 63 23 
64 140 118 23 
24 23 
61 23 
63 61 23 
24 108 
24 43 
24 15 
24 118 
24 43 108 
24 64 118 
24 33 43 
24 33 
24 57 
24 64 140 
89 25 
25 90 
25 90 54 
25 54 
25 114 
25 78 
25 143 
26 117 
26 103 
64 26 
26 140 
33 27 76 
138 27 
27 36 
138 27 68 146 
146 27 
138 27 45 
27 45 
96 27 
27 36 46 
27 76 
27 53 
27 69 
27 76 45 
27 46 
27 36 110 
146 27 68 
51 28 
28 79 
28 79 63 
28 63 
136 28 
28 93 
28 134 
28 14 
9 51 28 
9 28 
107 28 
148 28 
65 28 
128 28 
28 14 60 
65 51 28 29 
41 28 
148 98 28 
41 51 28 
98 28 
97 29 
41 29 
65 29 
6 30 
54 30 
40 30 
74 30 
32 7 
32 14 
32 4 
32 104 
32 137 
112 33 
33 45 
112 33 45 
33 53 45 
33 53 
112 33 53 45 
112 17 33 
33 46 
112 33 45 46 
33 27 45 
33 69 
33 138 
33 52 76 
33 27 
33 52 
33 76 
112 33 53 
33 142 
33 53 45 46 
33 110 
17 76 46 33 
36 46 
112 36 
17 36 46 76 
36 76 
53 36 45 110 
36 45 
138 27 36 
33 36 
138 36 
36 68 
36 46 52 
36 52 
37 135 
85 37 
117 37 
48 37 135 
48 37 
48 26 37 
117 85 37 
37 103 
89 50 37 
48 85 37 
89 37 
48 135 37 103 
26 37 
48 66 19 37 
48 85 37 135 
99 85 37 135 
19 37 
50 37 
37 78 
48 37 78 135 
99 85 37 
59 37 
99 59 37 
99 37 135 
99 37 
37 30 
50 37 135 
48 128 37 
48 50 37 
91 37 
59 37 78 79 
88 37 
73 37 
88 73 37 
37 46 
53 37 
60 38 
144 38 
70 39 
101 39 
59 70 39 
59 39 
112 39 
145 39 
95 39 
80 59 39 
80 39 
145 70 39 
40 39 
80 59 70 39 
41 39 
142 39 
123 39 
40 75 147 
40 80 
40 147 
41 115 
41 107 
41 117 
1 4 41 
65 41 
41 133 
41 51 
41 98 
41 51 29 
41 58 
1 62 41 
41 122 
41 63 
41 62 
65 41 97 
136 41 
41 142 
41 107 133 62 
112 41 
41 51 29 133 
65 1 97 41 
41 2 
41 75 
41 122 133 62 
41 133 62 
41 97 
41 4 84 
136 41 137 
41 130 4 84 
120 41 51 
41 51 97 
41 145 
41 84 
41 85 
120 41 51 97 
128 41 
41 2 63 
41 59 
120 41 145 
120 41 145 59 
120 41 
41 61 
41 28 148 
32 42 
137 42 
42 130 
113 42 
42 131 
42 106 
42 119 
121 42 
43 132 
43 61 
104 43 
25 43 
104 43 132 
104 57 43 108 
43 108 
132 43 108 
43 140 
43 93 
43 12 63 
56 43 
115 43 63 23 
57 43 
43 63 
43 116 
43 63 23 
115 43 77 
104 132 43 108 
43 12 
115 43 
43 140 23 
44 127 
32 137 130 44 
44 125 
18 44 109 
108 116 4 44 
18 44 
44 109 
137 44 
17 44 
108 44 125 
32 44 
108 4 125 44 
108 144 44 125 
18 4 44 
113 44 
108 44 
18 44 125 
43 44 
52 46 
76 46 
8 46 
33 76 46 
36 53 46 
33 52 46 
68 46 
27 76 45 46 
45 46 
17 46 33 
17 36 46 33 
5 47 
114 47 
55 5 87 47 
90 47 
12 47 
55 47 
5 87 47 
55 5 47 
114 87 47 
114 86 47 
104 47 
48 95 
48 85 
50 85 
128 51 
145 51 
51 63 
57 52 
140 52 
52 76 
52 45 46 
52 102 
52 63 
56 52 
115 52 
27 52 
52 77 
138 53 
64 53 
53 45 
53 110 
138 53 69 13 
53 138 27 45 
69 53 
27 53 110 
138 53 68 45 
68 53 
96 53 
138 53 45 
53 69 45 
132 54 55 
108 54 
90 54 
86 54 
136 54 
54 103 
54 143 
137 54 
62 137 54 
136 137 54 
137 54 143 
117 54 
136 83 117 54 
83 54 
132 55 
129 55 
5 55 
104 55 
114 55 
104 132 55 
61 55 
114 132 55 
25 114 55 
57 55 
104 25 132 55 
25 132 55 
25 55 
43 55 
130 55 
130 148 55 
54 55 
104 25 55 
130 148 21 55 
132 61 55 
61 132 55 47 
114 132 5 55 
104 25 55 47 
43 132 55 
46 55 
147 61 55 
5 87 55 
114 5 87 55 
87 55 
25 55 47 
2 115 93 55 
114 5 55 
25 132 55 47 
72 2 95 55 
132 55 47 
108 55 
143 55 
2 95 55 
73 55 
147 55 
2 55 
2 61 55 
90 55 47 
114 55 47 
56 140 
56 116 
56 61 
56 3 
56 138 
56 17 
56 12 
56 57 43 
56 125 
56 36 
56 118 
56 93 
56 64 
56 115 63 
56 63 
56 115 
56 139 
56 57 
56 117 
56 117 111 
56 140 61 
56 111 
56 102 
56 115 12 
56 129 2 61 
56 115 140 
56 147 
56 52 76 
57 116 
64 57 118 
57 125 
57 116 125 
57 118 
57 115 
17 57 
57 20 44 
57 140 
57 77 
57 44 125 
57 12 
57 44 
64 57 
57 108 
57 63 23 
57 15 
17 125 57 
64 57 12 118 
57 46 
57 63 
57 133 
24 57 116 
57 118 63 
58 115 
58 75 
58 61 
48 58 
41 58 62 
58 132 
58 78 
80 59 
59 101 
41 51 29 59 
59 51 
60 94 
60 7 
77 61 
61 63 
61 15 
136 61 
61 21 
128 61 
140 61 
116 61 
147 61 
140 61 63 
64 61 
104 61 
61 47 
147 12 61 
3 61 
125 61 
104 61 55 47 
19 62 
65 62 97 
65 41 62 
65 62 
120 62 
129 62 
122 62 
137 62 
62 6 
120 128 62 
97 62 
79 63 
140 63 
115 63 
93 63 
148 63 
136 63 
12 63 23 
116 63 
129 63 
111 63 
117 63 
85 63 
95 63 
57 12 118 63 
147 63 
125 63 
64 63 
140 93 63 23 
140 93 63 
41 85 63 
130 63 
8 64 116 
64 15 
65 98 
65 97 
65 70 
65 98 4 
65 97 71 
65 71 
65 62 71 
65 97 62 71 
62 65 6 97 
65 4 
65 145 
112 65 6 
65 6 71 
120 65 
65 122 
65 122 97 
65 97 6 71 
112 65 
65 6 97 
65 84 
65 59 
65 66 
66 117 
27 68 
53 68 45 
112 68 
53 27 68 45 
138 68 
68 45 
17 68 45 
138 68 45 146 
138 27 68 
96 68 69 
138 68 146 
146 68 
68 110 
68 76 
96 68 
69 45 
138 69 13 
96 138 36 69 
96 69 45 
138 69 
138 36 69 
146 27 36 69 
96 69 
59 70 
128 70 
66 70 
145 59 70 39 
101 70 
128 143 70 103 
107 70 
145 70 
65 145 6 70 
83 70 
65 70 6 39 
72 75 
40 72 
73 108 
73 114 
73 43 
73 87 
73 15 
104 73 
73 132 
73 125 
144 73 
73 25 104 
73 25 
73 90 
73 86 
73 33 
74 63 
8 80 75 112 
129 75 
40 75 2 72 
40 75 
75 147 
40 75 72 147 
75 95 
76 45 
76 45 46 
33 76 45 
64 76 
3 77 61 
140 77 
140 3 77 61 
115 77 
115 77 23 
147 77 
43 77 
77 63 23 
8 56 115 77 
77 118 
57 12 77 
76 77 
64 77 
52 77 23 
77 63 
75 78 
2 79 
19 79 
85 79 
148 79 
72 79 
59 79 
91 79 
78 79 
135 79 
80 95 
80 112 
72 2 80 
40 80 95 
80 147 
81 119 
82 119 
144 82 
83 117 
83 103 
83 143 
83 132 
26 83 
85 78 
115 85 
1 74 117 85 
85 61 
129 117 85 
1 85 
66 117 85 
72 2 85 63 
58 85 
139 85 
90 85 
85 37 135 
89 99 85 
58 11 85 
58 11 85 78 
48 99 11 85 
117 85 
48 89 99 85 
85 111 
85 63 23 
1 85 41 
40 85 
59 85 
99 85 
66 85 
74 85 
135 99 85 79 
8 85 
99 85 79 
112 86 
33 86 
86 111 
69 86 
50 86 
112 33 86 
142 86 
108 86 
123 86 71 
86 71 
142 86 71 
132 86 
37 86 
90 86 
86 55 
142 123 86 
136 142 86 
86 95 
136 86 
86 143 
137 86 
104 132 86 
136 137 86 
114 86 
86 87 
88 54 
88 86 
88 73 
90 5 
90 103 
25 90 5 
90 78 
90 142 
90 142 86 
90 143 
25 90 143 
90 71 
137 90 
137 90 54 143 
90 123 142 
90 123 
90 87 
128 90 
90 123 86 
128 91 
40 91 
40 91 95 
4 92 
32 93 
93 61 63 
93 61 
129 93 
129 93 38 
3 93 
104 43 93 
93 141 
147 93 
32 93 14 
93 38 
144 93 
28 94 
147 95 
40 95 
128 95 
72 95 
96 33 
96 138 45 
96 146 
96 138 69 45 
96 138 
96 138 68 
96 138 46 
97 107 
97 4 
97 51 
97 123 
97 59 
98 148 
98 79 
99 100 
99 11 
99 86 
101 79 
80 112 101 
80 101 
101 141 
112 101 
93 102 
102 7 
102 94 
64 102 
21 102 
9 21 102 
9 102 
117 103 
104 132 
104 93 
104 108 
104 43 108 
104 116 
104 21 
104 57 116 
104 108 93 
104 23 
104 148 93 
104 125 
104 141 
104 132 108 
104 100 
105 38 
34 106 
113 34 106 
113 106 
144 106 
113 106 109 
144 34 131 106 
121 106 
107 51 84 
112 107 
107 95 
107 62 
108 77 
140 108 
108 47 
114 108 
140 43 108 
108 61 
108 63 23 
26 99 108 
43 108 93 
57 43 108 
108 125 
57 108 125 
132 108 
104 116 108 125 
116 108 125 
113 109 
144 131 109 
144 109 
92 109 
144 113 106 109 
27 110 
138 27 45 110 
138 110 
138 36 110 
68 53 110 
138 27 110 
138 45 110 
96 138 69 110 
17 27 110 
138 68 110 146 
96 110 
45 110 
146 110 
137 111 
88 6 111 
64 111 
85 6 111 
140 111 
112 27 
112 53 
112 45 
112 53 45 
53 27 112 45 
112 17 
112 27 53 
112 110 
112 17 53 45 
112 68 53 
112 17 45 
112 95 
80 112 95 
112 27 68 76 
112 76 45 
112 75 
112 53 68 45 
80 112 6 
112 27 45 
112 123 
112 71 
112 62 
113 131 
113 34 
113 18 109 106 
144 113 
114 132 
114 5 
114 5 47 
55 5 114 47 
2 114 
132 114 108 
90 114 
104 114 
104 114 47 
114 85 
114 15 
137 114 
72 114 75 
114 5 87 
114 87 
114 87 55 
114 143 
114 93 
114 5 143 
137 114 143 
114 55 87 47 
115 12 
115 117 
115 147 
115 118 
115 3 
115 140 
115 116 
115 61 
129 115 
115 15 
57 115 118 
129 117 
117 39 
59 117 
128 117 
41 11 117 
117 79 
1 66 117 85 
2 117 
26 117 143 
117 38 
19 117 
117 71 
117 61 
117 61 63 
3 118 127 
118 46 
67 119 
22 119 
121 119 
120 107 
120 51 
120 97 
120 59 
121 22 
121 42 106 
121 67 
113 121 
144 121 
121 131 
136 123 
123 142 
128 103 
129 61 
129 23 
129 140 
129 78 
129 94 
129 60 
129 28 60 7 
130 84 
130 21 
41 130 
130 51 
130 127 
131 92 
137 131 
32 131 
144 131 
131 4 
131 84 
131 109 
18 131 109 
18 131 
131 119 
106 131 
34 131 
131 141 
131 127 
132 15 
132 47 
114 132 55 47 
132 54 
104 114 132 
132 61 
132 5 
104 25 132 
25 132 
132 5 47 
3 132 
147 132 
132 5 55 
132 5 87 55 
147 132 61 
114 132 87 55 
73 25 132 
132 87 
2 132 95 
132 108 15 
133 62 
65 1 133 62 
122 133 
1 133 62 
1 133 62 41 
1 133 41 
99 133 
98 133 
136 1 133 
107 133 
1 133 
126 134 13 102 
136 142 
136 137 142 71 
136 39 
136 137 
136 71 
136 9 
136 41 142 
136 51 79 
136 62 
137 143 
41 137 
137 87 
137 71 
137 90 54 
138 45 
138 36 46 
138 27 68 45 
17 138 27 
138 77 146 
138 146 
33 138 45 
69 36 45 138 
138 69 45 
138 76 
96 138 68 146 
138 76 45 
138 45 146 
96 138 36 
138 76 45 46 
139 141 
40 139 
120 139 
137 139 
140 117 
147 140 
140 85 63 
147 140 61 
140 118 
140 77 61 63 
64 140 
136 123 142 
97 142 
59 142 
136 97 142 86 
144 81 
144 127 
144 67 
144 34 
144 119 
144 42 
144 22 
144 121 42 
65 41 145 29 
145 29 
146 45 
138 27 146 
3 147 
147 111 
147 140 61 63 
41 148 
148 61 
148 140 
