1 2 
9 11 
40 39 
45 46 
25 26 
56 55 
41 42 
28 29 
57 58 
59 60 
8 7 
18 19 20 
14 15 
30 31 
32 33 
51 52 
34 35 
16 17 
49 50 
44 45 
36 37 
3 4 
12 13 
53 54 
48 47 
9 10 
43 15 
16 61 
36 38 
21 22 
27 22 
5 6 
24 23 
67 68 
66 7 
76 29 
74 75 
37 70 
67 69 
64 65 
37 7 
40 71 
62 63 
72 73 
44 45 46 
58 78 
77 78 
78 79 
82 83 
80 81 
3 7 
10 11 
28 85 
29 86 
57 84 
43 14 15 
88 87 
89 90 
25 93 
26 71 
40 93 
91 92 
96 68 
9 10 11 
52 95 
3 94 
40 71 39 
42 85 
97 66 
51 52 95 
98 99 
25 71 
61 29 
76 101 
97 7 
100 60 
41 101 
102 103 
40 109 39 
33 29 
106 12 
104 105 
107 108 
71 39 
93 39 
25 26 93 
110 111 
112 113 
33 101 
40 93 39 
41 42 85 
51 95 
114 61 
26 39 
57 77 
115 116 
32 61 
28 76 
32 85 
117 70 
49 118 
76 86 
41 91 
120 119 
48 97 
123 124 
26 93 39 
28 29 86 
32 33 61 
33 114 61 
121 117 
121 101 
48 114 
125 126 
49 60 
93 71 
117 94 
97 47 
82 122 
114 85 
107 85 
129 42 
66 3 
131 102 
8 37 7 
8 76 7 
32 121 
48 121 
130 117 
17 116 
37 47 
92 37 
117 127 
3 127 
28 86 
80 128 
97 3 
107 76 
28 92 
41 92 
11 133 
108 85 
58 132 
8 47 
114 37 
114 116 
40 109 
16 65 
65 115 
3 37 
97 108 
129 85 
66 76 7 
8 42 
8 76 
64 115 
89 134 
11 61 
92 85 
3 85 
29 94 
8 115 
122 135 
65 4 
65 94 
72 99 
129 94 
3 76 
11 37 
41 92 85 
41 91 85 
136 137 
25 26 71 
25 26 109 
66 92 
115 29 
8 61 
32 114 
104 13 
108 66 92 85 
41 85 
42 3 
8 61 94 
138 139 
43 14 
64 116 
64 101 
32 117 
76 7 
85 86 
101 85 
136 140 
136 141 
42 3 47 
32 33 114 
48 17 
61 94 
27 21 
2 22 
143 39 
101 85 86 
101 107 85 
25 93 71 
40 25 93 
66 108 
42 47 
140 142 
137 142 
32 33 115 
26 109 
109 93 
3 47 
81 103 
147 148 
25 143 
48 66 
144 145 
146 67 
32 115 
80 81 103 
107 101 
48 92 
149 22 
66 85 
48 85 
75 151 
131 102 103 
145 150 
10 37 
92 101 
22 103 
48 108 
2 151 
2 103 
129 66 85 
36 85 
152 25 
88 55 
8 94 
28 101 
40 154 
75 27 
153 103 
152 103 
152 71 
27 149 
2 71 
2 131 
152 2 
66 108 85 
155 21 
109 21 
17 107 92 
152 154 
129 92 
2 27 
66 92 85 
101 28 85 
25 21 
108 66 92 
74 27 
10 133 
141 103 
141 22 
80 103 
21 71 
68 157 
158 159 
51 158 
160 51 
152 151 
131 149 
74 27 149 
161 139 
96 156 
37 133 
145 140 
80 81 71 
156 157 
107 71 
158 95 
9 25 71 
51 131 
8 141 
163 78 
165 159 
133 70 
164 69 
165 119 
96 162 
145 166 
40 27 
75 149 
129 143 
107 102 
107 149 
156 68 
69 158 
27 158 
8 85 
9 25 
131 69 
131 103 
74 149 
140 166 
168 146 
80 167 71 
80 27 
9 75 
153 21 
11 172 
170 126 
170 171 
8 66 
8 36 
74 102 
40 74 
169 165 
72 126 
107 103 
167 71 
170 174 
170 173 
72 170 
8 48 
74 75 149 
176 175 
174 126 
177 126 
107 93 
1 143 
180 54 
178 179 
11 70 
170 53 
8 66 108 
181 182 
49 59 60 
8 48 108 
169 74 75 
185 60 
185 118 
57 78 
57 84 77 
52 93 
126 54 
180 126 
184 183 
49 59 
8 108 
169 74 
176 186 
178 182 
73 187 
98 125 
107 126 
75 54 
169 75 
73 60 
98 62 
162 23 
73 177 
44 46 
160 190 
73 170 
169 151 
186 181 
59 118 
139 191 
176 31 
176 57 
57 30 
178 78 
78 175 
187 63 
192 178 
188 126 
152 169 
184 189 
177 63 
193 77 
59 60 195 
57 161 
57 175 
194 99 
49 75 
178 84 
161 84 
138 84 
126 118 
9 60 
196 60 
89 197 
89 106 
202 59 
200 199 
201 195 
138 198 
177 188 126 
9 99 
178 30 
75 53 
186 198 
72 169 
113 134 
181 30 
193 30 
208 207 
176 178 206 
205 189 
67 109 
99 60 
203 204 
177 60 
184 196 
210 132 
90 134 
176 209 178 
163 175 
211 212 
75 109 
49 202 
178 206 
186 77 
186 163 
11 133 70 
90 197 
112 46 
134 46 
213 215 
160 202 
18 20 
202 159 
106 12 13 
218 219 
172 141 
48 4 
216 217 
213 214 
92 61 
216 89 
106 197 
60 181 
8 108 4 
209 178 206 
61 78 79 
10 70 
216 106 
224 219 
203 223 
184 202 
220 221 
88 110 
75 190 
222 6 
83 124 
112 134 
106 134 
199 159 
184 202 199 
112 226 
112 12 
49 205 
205 141 
104 106 
35 227 
44 228 
177 126 23 
107 126 23 
105 5 
216 229 
177 188 23 
123 43 
225 43 
61 79 
162 118 
224 218 
56 122 
112 89 
11 235 
197 134 
4 85 
233 181 
58 163 
176 58 
209 206 
209 178 
16 78 
172 205 
200 147 
234 227 
232 43 
232 83 
202 190 
104 5 230 
6 230 
13 6 
67 231 
229 6 
56 82 
56 43 
89 6 
241 82 
197 6 
20 46 
179 181 
240 239 
202 199 159 
139 221 
83 236 
176 178 
90 6 
202 205 159 
184 202 205 
40 167 
75 231 
237 87 
88 237 
107 238 
5 222 
112 89 6 
122 11 
211 46 
132 181 
58 77 
176 209 31 
246 247 
57 163 175 
216 90 
205 159 
184 205 
35 244 
202 172 
104 230 
34 227 
82 43 
225 82 
82 245 
9 243 
242 231 
210 221 
241 236 
209 178 31 
57 163 
90 213 
112 90 
232 225 
122 133 
77 135 
202 141 
13 230 
248 227 
217 226 
82 123 
148 244 
186 58 163 
104 249 
176 209 
205 199 
82 111 
178 31 
202 205 
250 227 
105 45 
162 99 
216 5 
178 132 
169 195 
147 244 
163 55 
107 55 
193 98 
249 19 
176 178 31 
112 6 
106 230 
251 45 
251 229 
212 46 
160 75 
209 31 
176 206 31 
236 252 
9 20 
211 78 
135 14 15 
227 253 
205 202 141 
229 243 45 
43 213 
113 6 
129 55 
249 18 
254 207 
78 191 
18 19 
135 15 
229 45 
243 229 
227 255 
177 188 
169 21 
186 58 132 
221 78 79 
14 135 
256 250 
224 18 
99 195 
220 78 
257 227 
98 30 
58 163 132 
258 84 
161 84 191 
161 84 30 
107 4 
220 79 
107 36 
2 195 
2 3 
224 20 
194 118 
108 4 
259 13 
218 134 
36 55 
181 78 
58 30 
209 58 
78 31 
161 78 
202 258 
65 108 
138 179 
3 195 
221 79 
260 118 
184 98 
89 211 
181 206 175 
57 181 175 
176 181 
193 58 
261 239 
161 179 78 
84 175 
258 141 
65 182 
84 30 191 
163 30 
161 178 
221 181 
58 84 191 
58 221 
57 58 84 
176 163 
221 78 
205 258 141 
163 84 
220 132 
192 179 
12 230 
13 262 
161 30 
161 191 
186 191 
12 197 
84 206 
163 77 
177 98 
211 134 
192 181 
132 78 
259 262 
227 263 
184 199 159 
3 101 
227 118 
36 101 
2 143 
155 143 
248 75 
184 248 
13 134 
218 106 
202 172 205 
184 159 
122 235 
28 85 92 
72 201 
72 256 
2 155 
42 3 101 
202 172 141 
184 148 
156 143 
25 155 
258 205 
25 153 
264 15 
202 258 141 
49 177 
186 179 
2 21 
184 122 
49 21 
148 255 
9 265 
50 21 
98 60 
67 199 
153 155 
72 49 
107 92 
8 107 
200 227 
266 15 
264 135 
221 206 
266 135 
147 172 
267 135 
177 196 
10 133 70 
94 127 
177 21 
264 245 
196 126 
8 65 
72 177 
122 11 235 
244 199 
196 188 
72 196 
209 179 
10 37 133 
3 28 101 
246 55 
42 28 
264 205 
88 246 
265 258 141 
9 133 
72 188 
100 174 
265 141 
265 172 
129 28 
265 202 172 
265 202 141 
268 269 
245 55 
93 270 
245 246 
4 127 
21 271 
245 135 
272 268 
273 268 
265 202 258 205 
205 265 258 141 
168 95 
85 7 
202 258 205 
107 7 
265 258 
265 205 
76 85 
274 22 
168 69 
3 76 101 
8 107 7 
275 75 
80 21 
275 51 
265 258 205 
28 85 76 
28 85 7 
160 168 
42 3 76 
81 155 
276 269 
81 21 
268 276 
277 245 
2 271 
274 187 22 
80 271 
73 22 
168 158 95 
69 95 
187 22 
275 75 53 
170 174 126 
73 170 126 
2 155 22 
2 21 22 
42 76 
155 21 22 
90 259 
122 245 
155 22 
100 126 
276 268 269 
168 158 
8 3 
52 270 
265 202 
94 38 
265 202 205 
48 3 92 
22 271 
27 54 
180 109 
137 273 
122 266 
137 278 
67 54 
180 231 
27 180 
136 278 
144 278 
73 196 
73 170 196 
36 76 
52 93 270 
56 135 
56 135 55 
256 49 
51 119 
135 55 
51 270 
186 182 
76 94 7 
27 231 
69 158 95 
205 265 141 
72 158 95 
76 94 
85 94 
246 135 
72 80 
1 2 22 
170 188 
135 246 55 
144 273 
273 278 
73 188 
1 279 
72 81 
72 279 
1 2 279 
72 81 80 
155 271 
73 170 188 
265 172 141 
144 137 
265 202 172 205 
136 144 
27 109 
265 202 172 141 
52 158 270 
137 273 278 
267 14 
36 94 
1 271 
270 95 
52 270 95 
27 155 22 
176 182 
272 137 
73 171 188 
27 21 22 
144 272 
27 155 21 22 
52 93 270 95 
171 188 
73 170 171 188 
136 137 278 
27 155 21 
42 107 
73 171 
107 3 
1 2 271 
75 125 
27 155 
93 95 
8 92 
73 98 99 
73 98 171 
170 171 188 
8 48 92 
73 99 
73 98 
73 170 171 
237 238 
76 92 
237 55 
26 22 
185 170 
136 281 
74 171 
280 137 
265 202 258 
171 149 
76 92 7 
92 85 7 
184 199 
282 227 
184 171 
92 7 
208 255 
283 275 
208 203 
49 170 
170 183 
122 83 
128 271 
184 97 
275 119 
120 275 
170 188 189 
24 283 
120 93 
82 284 
128 21 271 
75 62 
85 37 
85 47 
170 189 
8 97 
74 21 
122 284 
171 183 
188 189 
128 22 
203 215 
136 137 281 
83 135 
128 21 
128 2 
42 7 
184 171 199 
281 278 
284 135 
267 284 
24 275 119 
257 142 
83 37 70 
56 284 135 
64 237 
203 148 
171 199 
147 285 
82 135 
137 281 
144 73 
115 237 
128 153 
116 28 
24 275 
70 127 
281 133 
188 183 
28 237 
202 258 172 205 
98 205 
37 127 
64 83 
237 286 
82 266 
17 36 
202 287 
141 287 
48 38 
97 38 
148 215 
83 55 
73 142 
17 38 
177 188 189 
82 237 
155 102 
50 187 
125 103 
245 237 
3 38 
49 263 
131 125 
266 83 
109 231 
203 263 
273 285 
107 47 
208 34 
64 67 
3 92 
282 148 
120 275 119 
75 131 
227 199 
265 36 
17 108 
171 227 
108 76 
108 92 
160 73 170 
49 187 
160 73 196 
128 74 
17 177 
107 76 92 
21 102 
160 73 
264 266 
49 50 187 
49 50 203 
184 227 
152 288 
65 131 
37 70 127 
49 203 
152 115 
264 284 
83 245 135 
208 203 263 
73 170 177 
176 221 
67 100 
176 84 
214 263 
128 1 
188 174 
73 177 196 
177 170 
125 174 
17 82 
168 169 
186 178 
189 174 
92 55 
179 31 
72 80 152 
227 183 
82 92 
82 108 
174 183 
72 22 
108 55 
178 58 
56 245 135 
132 79 
210 79 
58 206 
58 84 
246 111 
67 159 
110 135 
17 98 
152 149 
17 92 55 
98 55 
163 181 
178 181 182 
58 92 
125 199 
176 179 175 
283 119 
49 214 
179 132 
179 92 
81 149 
204 148 
60 55 
17 55 
184 173 
57 220 84 
80 111 
17 31 
163 77 78 
17 92 
17 220 
220 84 221 
178 77 
184 174 
124 181 
58 98 
289 78 
57 84 221 
57 186 
17 175 
56 83 
84 79 
220 237 
237 77 
184 188 174 
184 100 174 
209 175 
289 79 
57 220 
84 78 79 
132 31 
220 30 
163 93 
186 82 
161 79 
186 82 122 
186 82 163 
209 182 
160 60 
176 17 178 108 
209 178 108 
220 191 
99 191 
184 93 
170 60 
290 150 
272 285 
186 175 
18 6 
17 79 
161 220 
171 220 
192 245 
98 99 174 
73 196 60 
178 108 
122 79 
184 100 
275 270 
106 150 
57 78 175 
220 84 
259 103 
98 174 
246 87 55 
131 227 199 
104 112 
17 220 84 
49 34 
45 222 
17 139 
34 253 
73 67 
167 103 
22 167 
25 167 
67 60 
228 230 
107 76 7 
171 173 
99 188 
17 138 262 
175 70 127 
212 207 
256 199 
17 139 198 
256 125 
184 256 
18 262 
17 18 
17 138 198 
138 198 262 
291 292 
99 174 
108 206 
171 174 
153 167 
257 214 
184 188 
217 150 
109 167 
98 173 
98 99 125 
17 18 262 
17 138 139 
150 207 
112 216 
17 139 222 
17 138 
105 281 
293 150 
112 285 
248 214 
17 231 
75 294 
229 295 
17 222 
67 190 
104 19 
17 262 
18 139 
104 5 
241 286 
16 214 
236 286 
138 139 198 
17 138 139 198 
222 175 
168 212 
17 286 
236 222 
18 222 
99 173 
184 214 
267 245 
222 262 
139 222 
17 236 
138 262 
138 222 
241 139 
125 62 
139 198 
236 198 
18 45 
241 236 198 
236 198 286 
241 139 198 
139 45 
17 198 
296 234 213 
208 296 
149 294 
296 213 
47 7 
42 47 7 
42 3 47 7 
214 39 
297 244 
24 51 
248 296 
296 49 
222 198 
18 259 
259 45 
147 263 
24 119 
208 213 
234 213 
148 37 
75 125 62 
101 85 7 
76 85 7 
45 13 
28 76 7 
120 270 
107 28 
28 7 
76 85 94 
85 94 7 
264 267 
208 234 
125 53 
40 214 
155 109 
109 21 22 
109 27 21 
27 109 22 
58 175 
246 87 
109 155 21 
87 55 
296 234 
294 214 
67 196 
286 87 
236 87 
36 78 
26 155 
72 27 155 22 
22 71 
72 27 21 
72 26 
283 51 
72 155 
120 51 
210 191 
44 134 
152 294 
72 21 
17 237 
88 286 
259 222 
286 87 55 
236 55 
88 286 87 
88 286 87 55 
88 286 55 
58 220 
120 95 
186 83 
83 163 
56 83 124 
56 14 
226 211 
224 211 
224 226 
210 36 38 
221 85 
232 87 55 
232 286 87 
56 124 
232 286 55 
32 211 
124 135 
232 264 
53 62 
201 67 
259 139 
259 251 
32 161 191 
16 232 
36 254 207 
251 166 
35 251 
251 207 
112 218 251 
35 213 
155 71 
112 218 
164 68 
243 251 
107 92 179 
243 140 
88 66 
283 155 
24 283 155 
93 22 
24 155 
145 251 
107 179 
232 135 
216 218 
251 140 
226 219 
109 22 
72 167 
202 75 
88 178 108 176 
176 178 108 
88 178 
72 155 167 
72 155 22 
167 155 71 
265 263 
286 55 
155 21 167 
88 108 
248 257 
21 167 
58 79 
59 188 
112 298 
26 167 
210 58 
120 158 
224 218 219 
179 101 
218 226 
88 178 108 
158 270 
112 298 6 
179 76 
124 14 175 
216 298 6 
178 108 206 
124 175 
88 178 176 
14 175 
112 6 216 
98 126 
21 22 167 
268 269 166 
145 268 269 
216 6 
83 124 175 
59 51 
59 260 
49 207 
219 20 
145 268 269 166 
153 26 167 
145 268 276 
153 167 71 
176 23 
176 108 
88 176 
218 219 20 
83 175 
298 6 
99 126 
178 75 
153 71 
124 14 
226 218 219 20 
224 218 219 20 
83 14 175 
72 153 167 71 
153 22 
226 218 219 
153 26 
72 153 167 
72 167 71 
154 27 
224 226 219 
218 20 
52 159 
112 298 216 
178 91 
153 27 
186 108 
83 124 14 175 
226 133 
49 180 
247 55 
176 108 206 
155 167 
176 178 108 206 
112 226 6 
145 268 276 166 
187 180 
226 298 6 
145 269 
145 268 
45 262 
91 101 
294 183 
112 298 6 216 
213 223 
292 269 166 
21 22 71 
109 71 
145 292 166 
17 86 
186 124 
66 76 
194 165 
266 229 
94 7 
120 283 
226 165 
66 179 
202 269 
91 179 
194 274 
167 109 71 
265 268 
269 166 
292 166 
268 292 
184 50 
226 75 
184 180 
229 134 
120 165 
145 202 269 166 
26 75 
138 259 
84 198 
267 277 
134 230 
75 155 
176 206 
76 101 86 
186 267 
66 94 
296 207 
173 174 
194 174 126 
265 268 276 
172 287 
101 86 
171 180 
72 71 
267 84 
194 174 
194 126 
256 84 
266 77 
234 294 
172 141 287 
17 299 
17 235 
184 49 
268 276 292 
292 287 
280 141 
184 171 180 
280 268 
72 27 
275 165 
17 300 
60 159 
96 165 
265 172 141 287 
202 269 166 
98 174 126 
299 141 
40 72 167 
226 262 
91 76 
261 87 
280 268 276 
280 11 
72 39 
22 39 
256 296 
289 122 
139 84 198 
18 13 
18 259 222 
122 77 
280 276 
288 300 
96 275 
96 283 
112 219 
18 222 262 
96 120 
265 141 287 
216 230 
203 6 
75 167 
72 36 
288 166 
288 172 
248 215 
32 29 94 
139 84 
18 45 262 
298 219 
265 172 287 
54 231 
77 79 
161 198 
218 6 
288 287 
11 276 
160 268 
59 171 
300 301 
156 159 
219 6 
265 301 172 141 
49 174 
4 94 
235 292 
94 47 
32 107 3 
32 3 38 
243 60 
3 28 
169 51 
288 159 
288 301 
112 218 134 
32 29 
144 258 
59 188 171 
184 59 171 
269 159 
145 269 166 
4 94 47 
3 4 94 
32 36 
227 214 
73 203 
146 68 
288 299 
219 134 
32 29 86 
258 299 
51 165 
114 117 
265 287 
67 269 
166 287 
195 125 
218 298 
280 145 
229 230 
235 268 
280 235 
214 255 
153 75 
72 87 
184 231 
274 189 
89 230 
288 258 299 
288 202 258 
67 11 
170 196 
144 235 292 
184 59 
268 142 
96 95 
185 189 
185 274 
176 107 
226 20 
212 229 
18 156 
232 73 
280 265 
172 166 
187 53 
49 100 
93 21 
32 28 
50 60 
12 229 
72 60 
178 107 
178 196 
89 229 
12 229 134 
268 300 
176 107 108 
112 218 6 
299 205 
250 52 
265 140 
145 276 
32 28 86 
28 101 86 
301 141 
203 227 
178 107 108 
177 100 
174 62 
280 287 
11 292 235 
259 197 
75 155 151 
144 142 
184 50 59 
73 59 
141 142 
176 250 108 
84 78 
301 205 
235 269 
96 51 
73 49 
99 196 
32 28 101 
104 211 
72 98 
140 301 
243 134 
155 151 
144 300 
155 93 
49 201 
51 52 159 
112 218 219 
26 75 71 
298 211 
99 180 
100 60 174 
184 60 174 
271 103 
177 180 
232 124 
275 157 
145 11 
212 229 134 
73 49 170 
101 29 86 
144 269 
131 22 271 
142 287 
268 205 
121 3 
248 282 
145 140 166 
248 250 
3 4 47 
99 60 174 
108 302 
72 100 
81 27 
73 174 
89 134 230 
136 172 
25 103 
32 101 29 
128 131 
80 131 
131 155 
98 60 173 
286 247 
280 205 
217 18 
121 36 
224 105 
107 108 206 
80 102 103 
154 75 
98 60 62 
81 102 103 
108 302 191 
107 108 302 
11 285 
11 292 
8 48 85 
32 28 29 
181 175 
256 207 
201 196 
83 14 
112 219 6 
250 282 
292 278 
4 47 
137 292 
67 157 
60 126 
1 75 
1 154 
81 1 
1 27 
302 206 
221 77 
211 228 
128 103 
178 108 191 
163 221 
107 108 191 
158 119 
170 274 
212 134 
285 278 
112 218 219 6 
121 36 38 
265 278 
265 303 
35 263 
273 172 
108 84 
84 302 
34 263 
273 141 287 
32 101 
80 22 
72 73 188 
107 302 
197 222 
249 35 
108 84 176 
237 111 
104 20 
159 119 
291 285 
298 228 
250 13 
13 214 
105 82 
104 226 
304 188 
128 81 
132 302 
179 108 
98 100 
26 74 
283 23 
273 301 285 
34 35 263 
184 118 
107 191 
26 131 
153 131 
217 106 
35 13 
186 84 
108 36 
2 75 
89 218 6 
131 22 
128 155 
289 220 
208 254 
112 18 
273 301 
208 294 
136 305 
194 196 
18 219 
146 190 
108 13 
171 126 
73 126 
243 12 
300 285 
236 110 
112 218 18 
18 229 
281 35 
72 171 126 
305 141 
195 63 
104 224 
149 71 
305 301 
306 222 
135 122 55 
141 142 287 
247 237 111 
286 111 
20 262 
106 259 
252 238 
281 282 
238 135 
298 251 
72 73 126 
281 227 
227 5 
188 60 
305 299 
112 134 6 
245 239 
142 303 
135 111 
112 18 6 
18 219 6 
145 278 
237 135 
250 255 
72 73 171 
75 22 
288 258 
218 134 6 
277 239 
112 18 219 
218 18 6 
35 203 
218 44 
243 295 
98 63 
140 268 
280 140 
291 301 
5 255 
89 134 6 230 
172 150 
218 18 219 
281 172 
281 268 
173 63 
112 218 18 219 
235 133 
89 134 6 
46 295 
134 229 6 
42 130 
121 130 
10 150 
99 63 
89 19 
121 42 130 
249 219 
112 212 
145 172 
219 229 
91 28 
48 3 
5 134 
32 115 29 
72 174 
123 284 
274 196 
132 221 
261 238 
113 5 
305 205 
72 63 
19 134 
195 62 
249 134 
277 267 245 
98 173 63 
19 229 
34 203 
44 229 
89 249 
241 110 
249 46 
83 43 
89 12 
12 46 
12 134 
19 212 
2 279 
93 271 
89 212 
178 198 
152 27 
136 292 
131 167 
60 62 
89 46 
2 75 279 
229 46 
275 67 
10 293 
75 93 
10 172 
75 271 
89 249 134 
299 268 
89 19 249 134 
249 212 
160 146 
209 186 
152 75 
92 86 
96 67 68 
218 12 
51 270 95 
219 12 
83 284 
115 36 
216 113 
292 141 
218 243 
192 175 
218 229 
218 243 229 
145 281 
223 215 
77 78 79 
113 18 
188 173 
32 86 
57 302 
115 86 
115 29 86 
219 243 
85 29 
159 95 
32 28 85 
65 114 
8 4 
85 28 29 
114 127 
65 37 
65 114 37 70 
33 117 
65 61 
61 70 
64 61 
114 70 127 
51 52 270 
121 38 
64 65 114 61 
65 114 61 
64 114 
17 127 
108 7 
16 17 65 
66 107 7 
108 66 76 7 
16 17 70 127 
25 102 
66 108 7 
108 66 76 
16 70 127 
65 17 
16 17 127 
66 107 
64 114 61 
17 61 
65 117 
108 76 7 
161 206 
65 116 
102 167 
72 73 174 
258 285 
65 116 117 
16 127 
116 117 
145 292 
115 28 
32 115 28 85 
101 115 85 
101 29 
273 300 
8 48 47 
292 301 
303 287 
58 78 79 
8 38 
172 142 
41 94 
32 115 28 
115 91 
85 38 
8 42 91 47 
92 29 
273 258 
265 292 
3 36 
288 202 
66 47 
192 181 175 
172 141 142 
301 278 
291 133 
16 17 117 
161 138 
307 291 
305 303 
288 205 
280 288 
144 205 
114 117 116 61 
265 307 
291 235 
235 293 
307 287 
288 299 205 
10 11 133 
66 37 
273 172 142 
291 142 
281 150 
232 14 
270 159 
280 299 205 
305 172 141 
273 172 305 
273 292 
290 293 
136 299 
136 280 
144 299 
144 202 
280 300 
269 141 142 
41 76 
288 202 140 
269 142 
185 183 
145 285 166 
205 166 
280 258 205 
272 301 
97 129 
280 305 
288 305 301 
272 288 
166 142 
205 172 141 
70 7 
265 10 
269 287 
202 140 
281 202 
305 299 301 
268 287 
129 107 
280 301 
288 299 269 
48 42 
65 33 
145 299 269 
129 76 
300 287 
114 116 61 
100 118 
144 305 
64 114 116 
64 117 
300 133 
265 290 140 
136 133 
290 140 
290 133 
281 10 
136 205 
202 291 
290 268 
281 142 
285 166 
218 219 229 
272 305 
136 272 305 
172 303 
272 280 
272 278 
280 278 
116 61 
202 300 
145 287 
145 269 142 287 
291 300 
269 205 142 287 
145 269 205 287 
272 280 305 
205 142 287 
145 205 
205 142 
292 300 
205 287 
269 303 
280 303 
202 292 300 
202 292 
141 303 
49 59 118 
243 44 
144 301 
51 159 
184 59 118 
136 11 
235 172 
203 255 
154 143 
212 44 
202 291 300 
41 97 
136 235 
235 205 
128 279 
305 235 
17 117 
159 51 52 119 
294 199 
18 134 
2 102 
80 2 
75 279 
80 1 
1 155 
81 102 
131 39 
155 103 
51 52 270 95 
40 21 
81 75 
152 21 
75 71 
81 153 71 
152 167 
81 71 
103 71 
266 284 
75 102 
25 75 
131 21 
75 102 151 
75 155 102 
65 116 61 
80 167 
75 155 149 
75 103 
128 167 71 
152 155 
152 102 
154 22 
152 1 
154 21 
291 303 
160 169 
136 141 287 
202 235 
89 44 
265 235 
80 102 
89 229 134 
304 171 
219 212 
16 117 
64 33 
136 272 
17 33 
65 114 116 
136 301 
117 61 
249 12 
114 117 61 
97 107 
59 195 
11 205 
11 268 
130 36 
28 101 92 
36 101 92 
130 91 
91 36 
136 305 144 
4 29 
130 38 
4 86 
8 101 
218 219 243 
144 276 
144 280 
250 203 
178 175 
42 4 
8 29 
163 77 181 
181 77 175 
8 28 
176 77 
191 175 
17 117 33 
130 91 92 
202 11 
11 300 
49 50 59 
8 76 94 
121 4 
114 94 
107 76 94 
72 171 
163 179 
85 28 37 
85 61 
107 28 85 
29 127 
58 220 84 
161 58 
72 173 
176 186 175 
57 84 302 
121 37 
121 130 117 
121 107 
177 171 
91 116 
73 274 
82 246 55 
58 191 
161 58 220 
57 58 161 
72 73 173 
247 87 
247 111 
179 78 
302 135 
84 191 
248 4 
186 127 
108 77 
248 107 
179 302 
16 116 
210 101 
246 286 87 55 
117 55 
176 302 
33 116 
138 101 
61 127 
94 86 
178 108 77 
41 28 76 
75 39 
91 76 85 
32 209 
185 180 
72 194 
33 114 
16 121 
17 121 
121 94 
65 127 
41 91 76 
43 277 
60 174 
170 59 
176 209 302 
175 127 
33 114 116 
178 108 286 
286 246 87 
4 206 
171 61 
177 51 60 
174 118 
32 58 
59 126 
72 59 
192 233 
163 77 127 
184 60 
305 287 
123 277 
168 275 
41 28 85 76 
91 28 85 76 
66 29 
58 163 77 
185 187 
176 302 31 
60 70 
65 33 116 
32 114 115 
202 115 
32 116 
128 60 
169 275 
275 164 
275 158 
58 163 77 127 
289 266 
51 247 
302 31 
60 37 70 
64 33 115 65 
114 117 130 
114 108 
96 67 
132 94 
189 183 
67 158 
58 163 127 
58 245 
239 31 
256 294 
178 37 
88 122 
51 68 
91 85 
72 170 100 
239 302 31 
122 239 
201 51 
67 52 
266 252 
245 163 77 
161 132 
195 60 174 
122 75 
164 119 
181 206 
184 52 
245 163 77 127 
179 92 206 
48 97 47 
248 297 
226 222 
82 277 
178 302 
275 95 
144 142 287 
88 122 239 
302 239 
234 207 
248 207 
250 207 
48 97 4 
122 171 
88 240 
221 210 101 
286 246 55 
58 163 245 
144 287 
35 203 207 
34 207 
256 255 
294 35 203 
56 37 135 
97 4 
168 164 
227 294 
104 186 
305 268 
245 58 163 77 
308 199 
194 164 
256 35 
256 34 
37 70 135 
34 250 
221 101 
169 61 
275 158 95 
136 268 
294 207 
72 173 126 
184 201 196 60 
83 277 
13 222 
297 147 
41 28 85 
184 170 
28 29 76 
91 76 29 
296 297 
296 223 
184 201 
238 247 
56 37 70 135 
252 277 
108 126 
32 51 
217 10 
168 169 68 
43 124 
210 220 101 
170 100 
297 207 
296 199 
49 196 
132 161 84 
56 37 
13 222 262 
143 103 
169 68 
169 158 
85 28 29 76 
147 207 
296 147 
147 254 
84 37 
220 101 
186 277 
163 245 
170 108 126 
41 28 29 76 
305 142 287 
298 45 
49 60 118 
108 100 126 
226 222 262 
170 107 126 
161 37 
102 71 
213 294 
170 107 
136 280 305 
66 4 
309 181 
107 173 
226 259 222 
221 220 101 
94 87 
28 92 76 
72 102 
280 305 276 
215 207 
170 107 100 
58 70 
88 239 
201 60 
90 106 
168 49 
56 286 87 
261 86 
196 260 
305 276 
168 49 158 
76 85 92 
85 76 29 
256 223 
233 38 
305 269 
191 135 
225 286 87 
259 13 222 
107 100 
305 268 142 
280 142 
132 84 191 
37 191 
4 117 
259 45 222 
41 28 92 76 
136 305 142 
136 144 142 
233 36 
161 135 
130 4 117 
132 161 84 191 
97 117 
208 296 294 
161 84 135 
220 101 79 
49 158 
58 37 
296 294 
215 199 
233 179 181 
122 252 
116 127 
107 100 126 
43 108 
244 294 
208 148 
210 220 
277 55 
305 142 
33 94 
17 115 121 
16 17 115 
267 252 
227 310 
266 246 
266 87 
109 271 
104 13 222 
161 132 191 
186 245 
225 286 87 55 
28 29 92 
209 178 302 
296 254 
296 244 
225 135 
132 84 
77 37 
186 122 
124 232 108 
161 181 
8 37 70 
8 37 127 
266 247 
84 77 191 
225 286 
104 259 13 
264 108 
122 163 
135 225 55 
77 181 
58 163 84 
58 77 191 
131 71 
74 167 
57 132 
179 175 
282 311 
225 286 135 
226 259 
104 259 
227 311 
152 149 167 
232 124 14 
124 108 
2 222 
170 100 126 
107 108 247 
286 135 
45 271 
226 13 
115 61 
149 167 
101 91 85 
25 149 
131 103 71 
239 135 
173 126 
200 310 
203 310 
135 286 87 
65 115 61 
168 49 187 158 
41 101 85 
97 42 
178 181 
234 223 
130 94 
41 92 101 
302 191 
36 29 
64 65 115 
117 101 
36 117 
247 135 
108 247 
121 61 
76 117 
122 277 
296 215 
121 114 61 
114 36 
305 140 
294 215 
225 87 55 
56 247 
121 76 
56 225 
107 246 
256 215 
66 37 7 
56 225 286 
82 277 245 
83 286 
107 83 
56 286 55 
114 70 
247 286 87 
152 26 
225 87 
241 236 87 
246 286 
107 108 85 
135 82 111 
252 135 
121 107 108 
114 107 
170 195 
135 111 55 
25 279 
294 254 
195 126 
264 312 
232 312 
88 246 87 
37 29 
144 303 
203 204 227 
16 17 61 
149 151 
11 287 
272 172 
32 38 
227 204 
62 183 
205 11 141 
292 205 
89 249 46 
16 121 61 
33 76 
86 127 
11 142 
11 292 287 
18 46 
112 113 12 
243 5 
121 114 
113 12 
11 141 
16 115 
112 243 12 
113 243 
216 18 
218 18 
292 142 
18 12 
292 141 287 
289 221 
28 117 
136 303 
58 132 221 
288 315 
42 179 
313 142 
90 19 
114 149 
102 279 
22 279 
60 125 
314 51 
17 101 
298 230 
259 229 
101 94 
195 100 
53 231 
72 274 
9 316 
315 299 
136 166 
166 278 
37 38 
317 126 
108 94 
11 316 
318 279 
16 114 61 
298 243 
161 179 
100 63 
105 249 
176 233 
280 9 
305 268 276 
316 269 
281 172 268 
64 107 
301 141 287 
296 227 
81 279 
149 103 
101 76 29 
307 142 
318 103 
155 318 
208 227 
217 6 
94 70 
114 29 
318 102 
13 5 
162 319 
216 105 
61 29 86 
238 286 
184 63 
100 62 
1 318 
145 290 
248 294 
259 243 
163 309 
37 94 
61 86 
192 77 
224 259 
313 141 
184 173 63 
217 5 
288 268 
195 189 
106 20 
243 20 
226 6 
272 166 
105 6 
9 268 
311 215 
184 317 
281 305 
204 294 
187 231 
107 91 
274 183 
105 217 
5 262 
264 252 
225 83 
195 100 189 
11 293 
49 62 
60 125 126 
275 69 
17 29 
189 63 
18 243 
179 191 
290 172 
24 156 
265 292 287 
200 294 
18 44 
19 243 
2 318 
90 243 
130 127 
224 243 
193 31 
16 86 
136 145 
272 287 
217 262 
6 262 
256 310 
123 14 
202 301 
111 87 
105 243 
59 100 
49 195 
24 319 
59 173 
73 185 
18 106 
120 52 
202 166 
202 291 292 
274 171 
169 157 
51 157 
144 11 
195 173 
145 202 166 
202 268 
202 276 
184 177 
72 184 
41 29 
144 10 
320 274 
296 148 
11 293 235 
59 174 
49 173 
73 173 
88 247 
285 141 
9 166 
305 172 268 
172 316 287 
49 164 
10 235 
9 293 
195 60 
172 287 207 
235 150 
173 270 
169 173 
24 173 
18 298 
172 316 
177 202 188 
105 226 
113 226 
297 227 
9 287 
60 63 
238 246 
208 297 
281 294 
306 262 
113 249 
18 20 298 
301 285 
82 252 
172 293 
105 298 
177 292 
203 287 
98 195 
113 243 217 
113 262 
170 146 
249 243 
112 249 
298 20 
112 5 
282 255 
293 172 141 
229 262 
113 229 
217 243 
297 251 
124 15 
275 60 
293 150 207 
142 255 
297 285 
112 217 216 
212 45 
49 69 
147 166 
298 262 
145 147 
147 251 
60 183 
287 255 
268 319 
53 63 
275 63 
275 53 
172 207 
217 293 150 
296 268 
173 119 
194 100 
104 285 
112 297 
269 205 
219 44 
293 269 
145 147 166 
202 188 
145 243 
145 297 
141 255 
105 297 
104 251 
272 255 
177 162 
288 265 
288 269 
275 180 
275 231 
296 247 
298 20 262 
145 285 
258 269 
290 205 
248 253 
315 269 
177 188 292 
60 119 
184 268 
180 63 
275 54 
11 239 
73 170 173 
144 35 
249 298 
249 20 
207 199 
285 150 
299 172 205 
43 310 
299 172 141 
298 259 
235 261 
217 290 
114 61 36 29 
131 60 
154 155 
227 207 
298 150 
145 251 285 
263 223 
104 202 293 
48 4 47 
105 293 
43 171 
24 43 
2 149 
8 70 
245 111 
256 315 
256 269 
205 265 172 141 
121 70 
45 166 
202 293 
145 45 
120 60 
104 293 
277 87 
169 313 
196 118 
171 68 
97 85 
17 42 47 
249 218 
277 245 111 
21 318 
318 22 
24 252 
104 105 293 
177 162 188 
152 149 22 
321 154 
321 2 
218 150 
252 5 
114 47 
16 64 
202 268 276 
38 127 
245 277 237 
152 154 149 
48 76 
5 167 
62 119 
56 243 
25 22 
42 61 
173 71 
49 95 
277 237 111 
265 172 205 
202 268 293 
108 37 
145 218 
216 113 5 
82 167 
128 71 
128 154 
60 62 183 
104 268 
183 119 
21 149 
102 22 
73 196 173 
49 187 95 
313 106 
107 37 
216 167 
43 5 
43 118 
104 268 276 
104 268 293 
154 156 
142 126 
209 178 191 
253 223 
318 126 
18 259 262 
121 83 
17 36 127 
4 36 
145 305 
305 292 
128 81 21 71 
178 179 191 
148 287 
266 124 
26 151 
17 29 127 
73 171 173 
196 173 
252 167 
113 252 
128 49 21 22 
257 255 
218 93 
128 81 22 
72 9 
51 60 
81 102 71 
42 85 47 
8 97 42 
220 181 
36 181 
155 126 
256 207 199 
256 296 199 
296 263 
73 51 171 173 
21 95 
277 111 
81 194 71 
72 81 194 
200 263 
252 103 
64 65 114 
272 292 
101 127 
277 237 
152 169 149 
148 29 
49 148 
177 170 188 
277 29 111 
82 29 
194 131 
256 207 296 199 
21 22 95 
265 172 281 
108 76 37 
108 76 94 
216 113 167 
161 101 
128 102 
60 103 
36 191 
144 141 
73 51 173 
173 22 
226 285 
194 71 
69 21 
108 37 94 
312 86 
178 126 
183 103 
275 180 63 
275 27 
237 29 
223 207 
51 173 22 
73 173 22 
18 13 262 
4 76 
179 220 
218 13 
321 171 
179 36 
169 149 
73 196 22 
56 124 135 
144 205 141 
51 173 
196 173 22 
208 199 
208 256 
18 259 13 
272 269 
217 118 
72 81 71 
220 36 181 
237 277 29 
64 65 116 
104 276 293 
217 102 
51 196 
2 171 
306 13 
277 252 29 111 
237 29 111 
259 20 
162 188 
113 102 
268 293 
73 51 196 
243 21 
51 22 
321 2 22 
277 252 29 
155 261 
18 20 13 
313 90 
72 81 194 71 
172 292 
1 171 22 
41 179 
272 281 
36 167 
321 1 2 
112 9 11 
173 95 
290 117 
321 1 171 22 
36 5 
1 2 171 22 
275 23 
144 265 141 
152 149 95 
20 13 
96 196 
96 21 
272 281 172 
298 229 
1 2 171 
275 196 
249 106 
252 277 111 
45 159 
112 9 
97 114 
281 202 172 
226 298 13 
202 322 
225 28 
97 42 85 
170 173 126 
136 202 
249 229 
177 173 
52 103 
18 298 13 
146 154 
65 225 
97 76 
149 189 
73 187 196 
314 119 
123 220 
9 235 
1 171 
171 22 
152 149 189 
88 261 
275 118 
42 4 85 
277 29 
252 111 
321 318 
298 229 295 
312 220 
272 145 281 
28 127 
48 127 
93 45 
28 94 
225 94 
1 22 
229 5 
48 41 76 
321 22 
74 275 
42 4 85 47 
128 142 
109 102 
298 295 
113 13 
216 13 
74 151 
184 131 
144 265 
249 45 
8 37 
90 262 
107 70 
233 191 
49 188 
4 28 
259 19 
216 259 
4 85 47 
102 151 
121 42 
181 191 
74 93 
252 237 111 
105 20 
256 203 
64 70 
305 172 
73 49 118 
154 93 
290 36 
48 41 28 76 
174 63 
318 151 
74 271 
20 293 
128 194 
64 121 
73 49 187 
146 51 
93 102 
321 1 102 
10 268 
20 230 
112 316 
73 187 118 
122 127 
168 51 
177 118 
48 41 28 
81 164 
249 13 
109 103 
219 229 262 
219 45 
305 202 
321 1 
277 167 
252 29 
249 293 
152 155 149 
90 20 
177 194 
194 98 
233 101 
252 237 
26 102 167 
83 127 
45 5 
293 13 
1 103 
226 5 
81 271 
321 271 
144 258 299 
249 243 229 
105 249 229 
105 218 249 
98 173 126 
81 74 
74 22 
20 5 
26 102 
259 5 
110 87 
82 127 
316 287 
195 118 
48 41 
293 262 
243 262 
26 155 167 
26 74 102 
194 274 196 
305 258 299 
271 71 
177 59 118 
178 142 287 
209 287 
90 5 
18 20 262 
251 285 
233 60 
18 293 
265 305 
26 271 
321 26 
298 243 229 
49 98 
259 45 262 
312 235 
67 156 
243 229 295 
40 143 
9 178 
113 293 
170 177 98 
94 55 
42 4 47 
177 59 
217 20 
105 18 20 
1 26 
268 166 
64 36 
178 287 
217 293 
288 202 269 
121 85 
233 181 287 
1 155 22 
185 118 183 
113 18 20 
258 268 
121 116 
36 127 
99 174 126 
1 71 
101 38 
211 251 
41 28 
305 322 
56 15 
107 286 55 
252 239 
237 239 
321 155 
258 150 
176 9 
104 105 20 
104 18 20 
112 235 
219 293 
56 135 15 
107 108 286 
4 37 
98 99 174 126 
184 126 
216 262 
177 54 
116 101 
48 41 101 
60 118 
60 260 
87 15 
116 36 
224 293 
267 87 
321 131 
249 218 219 
49 185 
185 171 
258 235 
64 127 
235 276 
226 290 
73 196 188 
171 231 
258 291 
258 301 
272 258 
64 65 121 
298 293 
108 127 
243 293 
42 36 
18 90 
125 118 
64 94 
4 37 36 
127 7 
178 117 
48 28 76 
11 166 
155 39 
65 29 
66 127 
280 150 
18 5 
64 86 
108 4 38 
217 226 290 
108 28 
64 121 29 
64 29 86 
128 323 
323 27 21 22 
112 262 216 
121 29 
64 65 29 
167 151 
235 142 287 
323 21 
323 22 
112 259 13 
64 108 
48 28 
65 29 121 
1 131 
216 249 
323 27 22 
216 243 
259 134 
216 134 
323 167 
57 178 
121 28 
259 219 243 
128 26 
179 94 
48 94 
179 28 
1 2 131 
108 4 85 47 
42 108 85 47 
64 121 29 86 
323 27 109 
106 243 
211 219 
249 251 
249 313 
90 211 
112 13 
112 113 18 
121 86 
259 219 
9 172 
218 259 
48 41 94 
108 85 47 
249 226 20 
323 109 
104 217 20 
112 106 
259 218 219 
145 293 
1 167 
251 229 295 
128 21 22 
288 293 
131 318 
249 226 
323 21 22 
106 226 
219 13 
108 4 47 
42 108 47 
112 5 216 
65 17 36 
16 17 64 
104 217 
16 29 
65 28 
216 45 
251 134 
121 179 
249 259 134 
42 108 
249 259 20 
8 41 
48 41 85 
112 259 5 
233 179 
113 259 
41 107 
216 259 5 
112 230 
113 259 5 
112 18 13 
106 211 
226 13 262 
216 20 
134 6 
105 18 
176 179 
105 106 
249 262 
104 6 
104 18 
178 179 181 
299 11 
104 226 13 
169 190 
74 154 
176 161 
294 263 
209 233 
178 220 
313 141 287 
253 294 
233 178 
178 58 77 
161 77 
178 139 
161 175 
138 181 
58 309 
233 138 
285 205 
163 79 
309 175 
138 309 
175 31 
152 22 
192 163 
72 195 
53 54 231 
72 99 174 
272 273 
169 146 
291 205 
234 215 
126 62 
131 279 
9 281 
312 82 
48 7 
323 102 
126 63 
88 245 
136 273 
98 99 63 
142 278 
145 273 
100 183 
157 159 
16 65 61 
42 127 
130 7 
48 117 
41 91 92 
65 130 
97 92 
64 65 130 
4 92 
41 114 
48 61 47 
97 4 92 
48 61 
70 47 
61 47 
48 70 
8 61 70 
8 48 70 
24 162 
48 101 
4 101 
48 92 47 
28 61 
305 11 
152 323 
120 146 
24 146 
241 236 286 87 
241 55 
173 62 
238 15 
131 102 167 
323 71 
312 14 
123 135 
261 135 
130 4 
321 93 
273 141 
81 323 
236 261 
272 141 
61 38 
281 11 172 
285 142 
273 142 
265 285 
290 278 
177 187 
73 183 
312 124 
25 102 103 
49 171 
299 293 
11 172 293 
177 49 171 
153 102 
265 150 
211 45 
43 94 15 
315 268 
249 295 
112 295 
125 63 
281 235 
299 276 
273 305 
264 130 
72 49 177 
49 189 
43 94 
157 287 
299 268 276 
120 159 
232 312 103 
125 189 
80 125 
313 235 
128 81 71 
72 128 
224 44 
192 78 
20 45 
112 293 
105 134 
293 134 
9 313 
9 142 
43 245 
224 45 
72 81 128 
40 163 
9 134 
299 142 
49 302 
280 315 
309 31 
229 13 
218 293 
266 277 
229 18 13 
80 60 
216 306 
184 78 
216 288 
138 78 
12 60 
9 226 
11 60 
184 265 
277 15 
201 99 
99 183 
18 198 
201 98 99 
98 183 
98 317 
195 183 
163 132 
249 66 
98 107 317 
98 107 
99 59 
177 107 108 126 
177 107 108 
201 76 
188 317 
67 51 
36 7 
177 317 
107 94 
186 163 127 
184 17 
309 221 
198 159 
163 127 
262 159 
66 101 
309 221 78 
177 99 
11 196 
186 302 
163 302 
314 196 
314 196 173 
177 317 126 
42 101 
177 188 317 
51 196 173 
186 163 302 
302 127 
186 302 127 
163 302 127 
314 173 
186 163 302 127 
309 78 
25 131 
130 92 
169 22 
18 259 13 262 
184 17 198 
196 53 
235 196 
184 17 138 
25 21 22 
177 99 126 
320 177 
259 159 
52 119 
184 138 
51 93 
259 13 262 
320 98 
126 159 
116 36 38 
177 174 
177 185 
177 59 188 
25 323 
186 82 83 
186 82 127 
82 302 
73 267 
186 83 163 127 
314 93 
73 74 
186 83 163 
82 163 
82 302 127 
186 83 127 
83 302 127 
201 267 
186 82 302 127 
83 302 
320 73 
264 277 
186 82 83 163 
186 82 83 127 
73 201 
155 279 
264 123 
73 100 
186 82 302 
186 83 302 
184 320 
73 54 
185 54 
232 264 312 
232 241 
73 180 
82 163 277 
186 163 277 
170 317 126 
249 93 
232 241 236 
152 249 
232 312 236 
264 236 
73 189 
232 241 312 264 
224 249 
323 166 
232 241 312 
232 264 236 
312 241 236 
232 241 236 264 
170 98 
180 292 
232 241 312 236 
177 231 
186 277 127 
171 87 
163 277 
320 189 
232 236 
73 177 100 
108 286 55 
312 236 
100 125 
177 125 
98 99 126 
277 302 
312 241 
107 286 
184 73 
85 286 
85 87 
264 110 
171 196 
107 317 
177 107 317 
264 241 312 236 
177 170 126 
42 92 
284 110 
92 127 
264 241 236 
194 85 
194 323 
305 95 
73 125 
92 47 
184 73 196 
196 174 
232 264 236 110 
277 127 
267 238 
188 260 
186 82 277 
73 317 
83 100 
37 126 
169 23 
124 14 127 
232 241 264 
317 173 
73 194 
284 237 
56 277 
124 127 
18 246 
18 55 
264 241 
314 275 
144 95 
323 205 
277 14 
14 127 
194 260 
123 110 
321 323 
56 127 
188 100 
73 260 
156 63 
175 124 14 135 
135 124 14 127 
236 284 
264 237 
56 163 
241 123 
264 241 284 
18 87 
124 14 135 
135 124 127 
175 124 127 
304 323 
209 302 
98 258 
258 171 
324 302 
271 167 
184 29 
186 83 277 
135 175 124 127 
258 14 
72 18 
132 324 
186 82 163 277 
72 246 55 
72 87 55 
220 29 
266 181 
258 292 
18 286 
72 18 246 
72 18 87 
179 238 
179 261 
48 36 
306 11 
241 236 110 
72 55 
264 236 110 
176 178 302 
80 120 
27 167 
56 186 
312 123 
241 266 
58 29 
104 90 
258 292 205 
312 266 
135 127 
161 220 221 
40 167 22 71 
178 108 302 
88 37 239 
176 132 
178 302 31 
240 179 
161 221 
175 124 14 127 
267 123 
304 145 323 166 
108 78 
266 261 
40 167 71 
56 82 277 
167 22 71 
145 323 
40 22 
232 110 
277 135 
146 179 
92 94 
108 47 
80 108 
232 267 
267 239 
170 78 
266 239 
194 186 
88 266 
130 135 
83 15 
80 108 47 
88 82 
186 43 
56 261 
56 239 
292 135 
72 80 47 
82 261 
36 87 
240 261 
282 310 
80 47 
162 275 
275 223 
124 325 
200 207 
203 207 
292 127 
9 141 
80 107 
56 267 
208 203 207 
232 277 
232 82 
232 245 
178 130 
316 141 
263 207 
312 15 
266 267 
237 47 
248 213 
264 43 
267 43 135 
80 111 237 47 
306 259 13 
80 111 47 
232 325 
135 43 15 
267 43 
96 200 
257 213 
111 47 
43 135 
135 312 15 
80 73 
82 171 
277 247 
261 247 
223 151 
256 234 
88 252 
80 237 47 
146 275 
283 215 
234 283 
88 232 
277 261 
297 148 
167 47 
148 263 
124 277 
306 259 
112 273 
167 71 47 
297 263 
306 148 
148 159 
148 199 
264 247 
164 158 95 
56 247 135 
146 35 
297 147 263 
147 243 
107 108 13 
138 107 
128 25 
259 108 13 
306 107 
314 52 
198 199 
259 108 
263 71 
314 51 52 
323 263 
259 306 107 
108 262 
9 269 
257 263 
9 316 141 
297 35 
35 147 
138 148 
4 7 
297 35 148 
132 309 
35 148 
104 218 
297 147 148 
66 316 
116 31 
4 31 
273 219 
144 145 166 
66 163 
161 66 
28 221 
226 229 
309 101 
57 175 127 
176 116 
57 127 
161 36 
305 278 
101 78 
161 38 
186 58 
48 130 
321 149 
66 36 
58 132 309 
139 36 
176 209 178 302 
176 209 179 
112 66 316 
66 139 
176 178 179 
204 76 
296 18 
17 66 
17 91 
163 101 
112 17 66 
221 163 101 
9 106 
152 321 
101 79 
108 79 
41 181 
254 159 
208 263 
41 316 
112 66 
208 256 263 207 
208 256 203 
256 203 215 
208 256 215 
107 78 
316 101 
208 215 
263 215 
66 28 
163 108 
310 303 
256 234 215 
257 215 
112 9 316 
186 94 127 
254 255 
66 4 130 
178 116 31 
176 178 116 
66 130 
176 116 302 
204 199 
255 215 
254 215 
200 131 
131 227 
139 159 
104 90 20 
9 113 
200 131 227 
113 316 
130 76 
32 130 28 
130 28 
178 116 
112 9 113 
144 166 
130 115 28 
178 116 302 
130 115 
116 302 
226 243 
176 116 31 
32 115 28 61 
256 204 
130 61 
32 115 61 
115 28 61 
112 11 
32 130 28 61 
208 204 
269 39 
9 235 316 
9 11 316 
273 269 
305 150 
18 300 
218 166 
235 316 
144 150 
178 116 302 31 
176 178 302 31 
163 205 
305 218 
77 127 
116 302 31 
112 9 235 
17 199 
144 273 305 
299 300 
113 11 
77 175 
33 61 
256 203 204 
175 163 77 127 
107 108 78 
32 130 61 
130 115 61 
227 326 
313 299 
163 77 175 
200 326 
326 263 
307 299 
211 39 
323 93 
218 323 
28 47 
304 273 
152 321 149 
116 108 
41 28 47 
228 287 
213 255 
35 215 
272 202 
243 228 
307 300 
227 254 
175 77 127 
64 33 61 
202 156 
273 202 
306 228 
150 287 
64 33 130 61 
269 141 
298 303 
216 228 
41 47 
305 300 
248 148 
89 150 
305 300 142 
243 150 
32 64 61 
89 243 
176 209 206 
32 33 64 
33 130 
148 35 147 
176 191 
64 115 61 
305 307 
179 181 175 
320 185 
184 185 
211 287 
204 213 
203 326 
60 317 
320 281 
300 142 
184 201 60 
161 138 139 
33 115 
213 326 223 
184 49 60 
192 163 77 
76 127 
107 92 101 
243 287 
89 226 
227 294 207 
203 199 
256 213 223 
258 235 205 
248 213 326 
112 89 113 
37 70 175 
32 33 114 61 
114 115 
248 326 223 
218 290 
115 101 
226 251 
299 287 
9 11 316 235 
11 150 
215 203 199 
273 150 
33 86 
172 269 
130 108 
60 45 
41 107 28 47 
9 316 313 
248 326 
107 41 91 
288 258 205 
282 215 
296 242 
94 37 70 
32 70 
217 218 
104 89 
170 98 99 
193 175 
304 173 
114 115 61 
64 114 115 
320 187 
99 317 
107 28 47 
89 13 
176 193 
58 198 
254 223 
258 269 205 
217 298 
305 141 287 
218 211 
41 107 28 76 
9 316 142 
204 310 
259 44 
104 134 
9 142 305 
320 49 
16 115 61 
9 316 305 
281 316 
298 306 
296 13 
250 231 
292 293 
316 293 
113 60 
305 313 
216 89 306 
216 306 134 
186 58 175 
316 150 
145 258 
9 316 303 
89 306 
150 142 
9 303 
9 291 
317 174 
163 324 
32 37 
274 60 
291 293 
296 250 
320 274 187 60 
34 242 
58 138 
104 212 
179 324 
316 303 
281 313 
193 233 
313 316 
60 231 
98 59 195 
65 17 61 
265 142 
34 311 
72 304 
93 167 
193 206 
265 301 
313 287 
301 287 
52 69 
40 321 39 
321 39 
98 99 195 
194 171 
152 93 
306 134 
309 79 
161 302 
161 58 302 
321 102 
58 302 
176 324 
99 189 
235 141 
17 115 
235 141 287 
204 311 
326 215 
152 271 
88 111 
149 271 
247 239 
59 317 
312 135 
312 247 
312 83 
89 217 
104 44 
235 287 
16 17 116 
180 60 
168 52 
81 131 
203 294 
322 301 
307 142 287 
221 77 78 
120 103 
302 78 
120 131 
305 322 301 
124 247 
312 247 135 
227 215 
16 32 
82 267 
290 285 
225 15 
241 14 
232 266 
252 245 
56 43 135 
264 124 
266 43 
83 245 
312 267 
324 77 
312 43 15 
312 43 
312 14 15 
124 245 
312 43 135 
312 14 135 
135 43 14 15 
135 312 14 15 
245 14 
312 245 135 
200 215 
312 267 277 
135 247 15 
43 247 
292 303 
36 70 
136 272 202 
164 95 
89 298 
192 324 
115 85 
65 114 127 
116 86 
48 107 
76 85 47 
48 33 
33 107 
114 86 
164 270 
129 76 47 
32 48 
32 107 
107 127 
186 324 
163 206 
41 91 28 
304 177 
11 303 
37 175 
99 100 
104 216 
41 107 28 
226 134 
314 95 
104 229 
9 10 316 
89 228 134 
181 31 
139 220 
9 292 
10 316 
41 28 101 
116 38 
298 212 
216 298 
281 292 
192 309 
228 229 
107 91 28 
104 228 
192 309 181 
177 100 126 
132 117 
48 163 94 
293 303 
280 288 299 
288 303 
164 158 
178 108 31 
73 171 196 
195 174 
48 104 
299 291 293 
313 291 
25 100 
59 317 195 
59 196 
220 78 79 
194 195 
313 292 
48 115 94 
305 293 303 
58 139 
144 305 293 
144 293 205 
59 196 195 
304 59 
194 317 
200 203 
125 54 
172 268 
138 221 
9 316 126 
177 316 126 
100 316 
228 303 
280 313 
209 132 
285 287 
168 159 
112 163 
310 223 
294 223 
9 259 
108 94 103 
218 303 
305 293 
72 73 196 
178 11 235 
159 158 95 
144 281 
41 37 70 
32 33 65 
141 166 
28 37 
178 6 
281 293 
288 153 
288 18 299 
136 142 
25 99 
25 59 
25 188 
282 207 
145 142 
281 205 
64 33 65 
203 213 
9 11 235 
213 207 
138 139 221 
132 175 
265 291 292 
187 60 
138 220 
216 195 
213 311 
226 195 
272 291 
42 107 47 
296 293 
326 199 
285 268 205 
258 166 
219 126 
265 293 
250 35 
138 220 221 
186 79 
89 18 
1 25 
181 78 175 
305 142 313 
272 305 142 
138 139 220 221 
250 253 
65 147 
65 230 
132 77 
208 248 
281 287 
177 59 126 
296 281 293 
274 173 
223 199 
120 147 
152 153 
218 174 
136 287 
313 300 
320 173 
272 205 
257 250 
250 263 
280 291 292 
235 23 
274 63 
164 69 158 
243 78 
297 205 
250 12 
280 290 
213 326 
305 291 
310 207 
180 173 
173 231 
60 165 
203 311 
161 163 
60 158 
234 326 
272 145 269 
192 161 
11 23 
136 272 273 
249 5 
213 199 
310 311 
272 145 166 
187 196 
5 303 
208 296 207 
320 63 
153 149 
159 275 95 
283 11 
249 303 
293 142 
256 268 
256 276 
18 303 
73 49 196 
113 303 
242 203 
9 23 
223 213 207 
112 23 
280 258 
272 305 269 
272 273 269 
179 77 
281 142 313 
265 313 
272 202 269 
184 49 180 
73 231 
275 159 
215 213 199 
301 269 
49 231 
313 172 142 
281 172 142 
250 310 
49 54 
305 291 292 
164 158 270 
305 291 300 
208 234 296 
223 213 199 
49 183 
49 60 201 
201 231 
201 183 
112 303 
54 183 
242 255 
296 254 207 
208 296 254 
250 282 310 
208 326 
280 273 
19 5 
281 301 
9 58 
9 205 
270 158 95 
9 12 
179 198 
215 223 199 
282 310 311 
282 35 
35 204 
35 255 
77 198 
242 253 
217 18 249 
9 150 
292 316 
291 316 
105 18 217 
35 310 
136 258 
270 119 
113 217 
276 166 
314 270 
162 158 
268 276 166 
162 164 
158 23 
268 285 
12 143 
136 202 144 
105 113 
113 18 217 
242 263 
162 51 
283 270 
316 142 
144 285 
164 165 
273 276 
33 28 
314 23 
313 301 
43 261 
65 36 
232 122 
121 42 47 
32 121 28 
60 125 62 
161 324 
25 74 
276 205 
121 4 86 
17 114 
115 4 
235 303 
43 101 
256 311 
121 115 4 86 
216 217 6 
144 313 
104 12 
113 197 
121 47 
182 191 
210 78 
12 20 
164 327 
302 79 
77 302 
42 86 
317 125 
86 38 
48 4 85 
64 33 117 
115 38 
64 37 
10 141 
201 53 
18 230 
49 260 
161 309 
9 285 
81 318 
174 317 126 
284 238 
290 303 
301 166 
273 301 166 
273 166 
233 30 
252 55 
156 23 
203 227 215 
60 317 126 
123 238 
145 301 166 
276 303 
232 261 
98 189 
65 41 
140 287 
312 55 
34 254 
272 9 
293 285 
205 303 
299 133 
202 299 
265 300 
144 292 
232 247 
261 286 
261 55 
247 286 55 
272 301 285 
281 290 
136 272 301 285 
276 301 
136 272 285 
272 305 285 
136 276 
281 141 142 
290 142 
9 202 291 
9 291 287 
281 293 142 
9 202 292 287 
9 202 291 287 
144 272 301 
144 269 166 
172 285 
281 141 
144 276 166 
272 133 
293 141 
144 285 166 
276 285 166 
145 276 166 
144 145 285 166 
145 276 285 166 
292 269 
305 133 
239 55 
144 145 276 285 
131 318 279 
133 142 
281 142 305 
9 305 
281 293 305 
276 285 
305 293 142 
291 269 
205 269 133 
293 133 
276 142 
280 172 
202 290 
290 299 
281 299 133 
299 235 133 
145 299 
144 145 166 281 
299 269 
145 301 
169 164 
244 255 
127 37 7 
202 142 
42 38 
324 191 
232 286 
268 303 
272 145 
101 47 
100 189 
300 205 
284 238 15 
218 212 
144 301 166 
326 311 
326 294 
91 28 101 
115 91 101 
130 91 28 
284 55 
178 78 79 
176 57 163 
57 163 77 
324 206 
200 223 
248 223 
227 223 
311 263 
132 30 
57 210 
30 175 
170 326 
209 182 31 
260 173 
304 194 
147 203 
89 113 
282 203 
115 107 
147 215 
209 324 
18 212 
163 183 
104 112 134 
175 209 31 
130 101 
192 238 
50 213 
60 189 
146 173 
69 270 
161 324 191 
302 178 206 
32 92 
77 183 
72 213 
304 164 
35 134 
80 155 
305 202 142 
74 318 
201 146 
103 31 
146 63 
72 320 
217 281 
313 134 
170 317 
296 326 
201 146 63 
105 90 
182 31 
314 260 
259 230 
251 244 
272 217 
144 9 
209 103 
201 63 
90 35 
305 150 313 
12 150 
161 223 
202 12 
2 22 279 
173 159 
18 228 
223 191 
35 243 
80 71 
184 73 60 
272 305 301 
89 172 
89 141 
149 158 
25 318 
57 191 
112 272 301 305 
324 223 
80 169 
251 244 285 
112 305 
81 169 
80 68 
142 167 
147 244 285 
112 272 305 
186 30 175 
154 223 
145 290 166 
73 50 
128 164 
313 12 
262 167 
281 51 
148 326 
148 302 
193 181 
244 285 
26 223 
72 146 
75 148 
26 223 151 
193 30 175 
35 285 
217 269 
67 27 
169 213 
68 223 
201 275 
158 22 
193 186 
144 272 305 
50 59 
260 196 173 
259 6 
50 118 
326 302 
152 169 213 
26 68 
177 170 188 126 
73 50 59 
279 271 
2 279 271 
144 145 269 166 
147 285 251 
297 147 285 
194 22 
126 167 
188 167 
186 132 
152 213 
177 167 
144 145 268 166 
200 254 
314 51 196 
192 284 
32 91 
184 180 60 
217 178 
73 118 
155 326 
304 194 164 
171 60 
281 215 
314 51 173 
314 260 173 
304 194 164 22 
77 191 
81 22 
170 118 
314 51 196 173 
297 35 285 
276 268 269 166 
186 30 
89 142 
105 150 
187 95 
89 172 281 
89 142 281 
197 287 
203 254 
145 276 269 166 
177 174 126 
184 171 60 
217 303 
113 19 5 
89 268 
89 281 
104 105 150 
276 141 
89 172 142 
104 150 
149 270 
153 102 167 
89 172 268 142 
299 269 166 
297 35 147 
320 174 
259 150 134 
5 150 
202 291 205 
157 223 
32 130 
317 100 174 126 
12 5 
51 196 260 
68 157 223 
90 197 287 
234 203 215 
113 259 5 134 
281 268 142 
100 174 126 
100 317 126 
178 303 
148 261 
290 219 
26 157 223 
217 302 
100 317 
81 191 
89 268 142 281 
113 5 134 
104 105 296 
299 166 
177 100 174 126 
177 195 
169 71 
26 68 157 
296 19 
152 159 
314 196 260 
268 141 
320 177 317 
81 169 71 
72 81 169 
298 134 
177 170 317 
157 151 
176 209 182 31 
104 296 
260 314 196 173 
90 287 
234 203 
320 317 
170 100 174 126 
326 227 294 
216 134 6 
296 281 
285 326 
104 281 
51 260 173 
13 226 5 
297 147 326 
178 163 
224 281 
281 19 
144 299 166 
176 182 31 
287 263 
195 174 126 
260 319 
113 259 134 
176 178 182 31 
57 186 175 
73 49 50 
147 326 
164 22 
148 103 
89 205 
197 106 5 
170 317 174 
177 188 173 
206 31 
266 182 
322 269 
192 123 
184 180 171 60 
313 197 
197 5 
170 173 174 
170 317 173 
100 173 
161 31 
161 182 
297 326 
90 5 134 
35 147 326 
172 276 
311 303 
313 5 
197 90 5 106 
22 151 
155 22 167 
201 118 
146 159 
233 132 
196 52 
276 172 268 
157 327 
206 191 
248 147 
82 188 
180 171 60 
102 22 167 
197 90 5 
167 22 151 
173 189 
314 52 159 
112 243 
109 54 
105 259 
104 243 
152 164 
291 268 
102 155 22 
317 100 173 
248 234 
189 126 
128 152 
118 231 
104 89 112 
90 5 106 
162 314 
113 263 
273 301 305 
104 219 
91 4 
272 273 301 305 
104 243 112 
187 188 
73 196 118 
174 100 173 126 
297 35 244 285 
259 13 134 
26 75 151 
80 81 131 
299 205 166 
81 131 103 
296 285 
112 19 
217 219 
281 303 
148 254 
104 259 134 
170 100 174 
296 35 
234 253 
224 217 219 
294 148 254 
227 148 
151 71 
285 207 
304 194 323 
57 324 
35 244 285 
50 196 
104 113 6 
226 259 13 
152 75 149 
27 71 
169 156 
148 207 
259 89 219 
243 197 
59 189 
176 30 
106 5 
281 166 
128 75 
89 219 
75 149 151 
224 217 
167 102 71 
196 100 
35 148 244 
89 251 
193 163 
145 269 305 
202 303 
9 301 
102 22 71 
140 293 
80 81 131 103 
194 183 
112 113 298 
224 219 243 
251 12 
148 308 
144 9 285 
112 298 251 
35 244 253 
113 298 
19 12 
152 26 323 
35 254 227 
283 156 
104 112 5 
161 324 206 
148 223 
26 323 149 
323 75 
152 323 149 
35 254 
104 113 
104 89 105 
56 261 239 
326 207 
323 27 
34 223 
104 105 243 
73 62 
323 149 71 
298 19 
196 183 
170 188 126 
323 149 
112 217 6 216 
282 223 
184 187 
184 99 
98 171 
112 5 6 
259 12 
105 226 13 
104 89 12 
26 323 
72 73 194 
141 278 
26 149 
112 262 
112 197 
33 114 117 
121 92 
8 91 
48 115 
48 42 47 
238 239 
239 15 
48 115 47 
48 91 
123 261 
266 123 
252 286 
225 261 
124 238 
225 55 
176 192 
261 286 55 
192 193 
4 101 47 
266 123 87 
225 266 87 
225 124 14 87 
225 266 14 87 
267 261 
225 267 
88 261 239 
225 267 87 
110 239 
247 15 
88 277 
277 267 261 
88 267 
225 110 
193 78 
17 116 117 
116 37 
114 108 61 
17 97 
28 38 
41 66 
64 65 114 127 
76 37 7 
97 76 7 
41 76 97 
64 121 114 
130 116 
32 115 116 
114 91 
32 130 117 
32 115 117 
129 108 
91 117 
66 38 
129 108 94 
70 38 
115 94 
115 108 94 
32 130 115 
115 108 
32 130 4 
8 48 115 
48 115 4 
32 42 
8 48 115 4 
32 108 
65 61 70 
32 115 85 
8 48 4 
32 130 115 85 
65 70 
32 94 
32 101 115 85 
130 85 
101 85 130 
91 92 86 
101 115 85 130 
8 42 4 
108 70 
41 129 
8 42 4 47 
130 115 101 
32 101 85 
130 115 85 
8 4 47 
8 42 47 
108 61 
32 115 4 
32 115 107 
116 94 
107 38 
158 327 
144 273 166 
115 47 
214 311 
104 298 
9 300 
91 86 
57 79 
64 66 
56 88 
41 108 
41 7 
41 66 7 
161 193 
97 61 
41 66 97 
182 30 
220 302 
152 323 22 
256 263 
203 214 
152 75 71 
203 253 
75 180 
152 149 71 
74 54 
73 75 187 
193 77 30 
194 60 
305 258 269 
258 269 303 
234 147 
235 269 303 
49 163 
220 77 
290 276 
297 244 326 
116 7 
71 63 
296 311 
327 95 
72 194 71 
292 133 
248 35 255 
178 167 
81 163 
35 214 311 
172 301 
168 93 
283 60 
234 282 
24 96 
35 311 
75 63 
24 60 
281 258 
276 133 
142 263 
280 285 
276 205 303 
96 327 
161 148 
93 199 
314 60 
25 2 
161 199 
138 199 
139 263 
321 138 
161 263 
299 303 
205 310 
321 199 
178 299 
321 159 
66 114 
66 61 
321 199 159 
285 268 276 
93 159 
313 205 
161 159 
191 159 
313 285 
255 207 
33 41 
238 55 
252 110 
261 245 
261 267 245 
88 225 
277 261 247 
261 277 245 
277 261 267 245 
277 267 261 247 
245 247 
16 33 
225 239 
245 286 247 
16 116 61 
88 245 286 247 
64 41 
41 116 
225 247 
323 155 
323 271 
41 117 
65 97 
49 22 
16 114 
129 114 
187 21 22 
49 187 22 
114 61 94 
21 22 271 
129 61 
90 298 
187 174 
224 228 
49 100 174 
12 262 
90 45 134 
187 100 174 
90 228 
112 251 
218 259 298 
100 174 183 
251 262 
197 13 
228 134 
219 262 
19 262 
218 262 
112 89 217 
112 89 216 
45 134 
44 13 
226 6 262 
197 230 
113 106 
187 100 
259 211 
226 228 
224 12 
106 13 
113 228 
104 259 20 
104 298 20 
20 207 
6 199 
218 235 
16 66 
224 207 
147 199 
147 159 
49 187 174 
217 12 
112 228 
217 140 
89 228 
233 199 
139 6 
233 159 
216 89 228 
112 113 228 
112 228 216 
138 139 6 
49 267 
112 45 
321 138 139 
321 139 6 
302 175 
98 100 174 
182 175 
81 267 
181 199 
233 199 159 
81 326 71 
216 113 306 228 
90 326 
112 113 216 
80 81 326 
216 306 228 
216 113 306 
81 326 
113 306 228 
216 113 228 
139 5 
72 81 80 326 
43 228 
43 228 15 
65 76 
138 6 
72 81 326 
17 41 
326 71 
72 326 
114 76 
17 7 
259 27 
177 187 174 
177 317 174 
170 187 
201 98 
98 187 
201 170 
259 54 
201 98 100 
177 98 187 
41 66 76 
72 90 
52 22 
72 138 
50 98 
72 80 326 
72 326 71 
72 80 71 
198 6 
177 201 
72 81 80 71 
27 271 
177 170 187 
72 198 
320 100 
177 100 174 
171 247 
232 78 
232 116 61 
201 180 
175 163 127 
232 65 61 
17 178 
232 61 
108 174 
301 286 
114 167 
64 232 
52 158 
64 65 61 
317 189 
147 143 
180 174 
318 127 
177 180 174 
97 94 
153 318 
207 71 
320 159 
108 52 
96 266 
187 126 
138 163 
177 98 174 
154 157 
320 126 
52 174 
201 187 195 
201 52 
97 108 94 
203 254 215 
201 174 
149 279 
80 326 
320 62 
320 51 
97 108 61 
51 156 
100 271 
232 15 
82 138 
215 203 207 
187 271 
123 83 
51 126 
215 203 326 207 
94 31 
108 31 
109 149 
60 302 
51 183 
174 271 
203 326 215 
215 326 207 
215 254 207 
131 187 
314 187 
131 271 
326 254 
271 231 
67 62 
215 203 254 207 
131 159 
256 227 
52 231 
64 97 
74 279 
52 62 
200 282 
67 62 231 
241 236 286 
51 131 159 
34 282 
94 108 38 
241 87 
32 121 38 
4 94 92 
91 75 
320 67 
115 75 
64 75 
108 101 94 
32 75 
153 21 22 
153 155 21 22 
124 284 
153 155 21 
153 155 22 
203 254 207 
153 109 
203 326 207 
247 246 55 
256 213 
297 42 
62 231 
282 214 
82 247 
252 87 
52 271 
320 196 
326 254 215 
51 180 
67 52 62 
27 318 
67 52 62 231 
88 135 
52 62 231 
67 52 231 
109 318 
153 102 22 
1 174 
318 155 22 
241 246 
326 203 254 215 
21 94 
200 296 
107 108 94 
163 94 
186 94 
107 101 94 
8 210 
98 195 174 
186 163 101 
210 101 78 
320 314 
8 97 92 
138 175 
176 4 
97 92 47 
326 203 254 
248 256 
132 78 79 
156 183 
67 52 271 
104 149 
256 253 
209 163 
155 21 318 
75 223 
146 23 
104 152 
8 97 47 
209 61 
4 92 47 
75 263 
2 167 
98 60 174 
105 149 
209 77 
192 186 
169 327 
176 209 175 
256 177 
81 153 
177 271 
80 155 21 
296 213 207 
67 126 
67 183 
153 22 167 
161 108 
213 326 215 
51 187 
94 279 
51 231 
153 167 22 103 
98 180 
296 213 326 
201 156 
67 187 
67 180 
53 189 
256 294 254 
200 248 
49 125 
161 138 198 
213 326 207 
296 326 207 
256 254 223 
98 159 
184 194 
98 59 173 
74 155 
128 109 
80 75 
80 81 102 103 
153 74 
109 279 
26 279 
152 81 
209 30 
97 302 
176 193 175 
125 302 
320 60 
302 47 
279 151 
180 125 
49 187 231 
49 187 180 125 
304 49 
50 231 
59 63 
49 180 125 
98 188 60 
233 186 
125 231 
184 171 189 
171 189 
194 125 
118 63 
8 97 48 
201 59 
49 194 
108 4 94 
179 182 
125 53 63 
118 183 
104 311 
43 284 
176 182 175 
60 54 
257 253 
193 179 
179 182 175 
193 309 
213 254 
201 126 
282 214 311 
194 231 
107 61 
108 107 92 
304 60 
75 279 151 
193 77 78 
227 117 
250 214 
88 247 87 
115 117 
64 121 115 117 
247 87 55 
121 115 117 
64 115 117 
91 252 
135 87 
266 123 284 
250 214 311 
247 277 55 
238 47 
42 135 
250 282 214 
88 232 261 
42 238 
193 163 78 
314 67 
123 195 
179 30 
91 47 
279 71 
164 319 
250 311 
267 124 
56 57 
138 206 
138 139 191 
139 179 
179 79 
88 107 
161 179 191 
230 262 
77 30 
75 279 71 
168 75 
186 163 77 
179 38 
107 31 
152 75 167 
68 69 
59 53 
51 327 
321 143 
59 53 63 
26 75 74 
107 132 31 
81 2 
74 75 151 
77 207 
187 173 
75 318 
93 318 
152 279 
323 318 
176 178 182 
192 163 31 
125 183 
25 27 
72 74 
165 327 
91 51 327 
72 75 
302 182 
93 77 
72 81 103 
148 93 
210 31 
59 87 
117 126 
99 22 
49 117 
148 174 
20 78 
20 6 
174 230 
256 234 207 
108 13 78 
185 231 
107 108 13 78 
296 254 223 
256 234 223 
125 117 
125 5 6 
296 326 254 
107 13 
20 60 
78 38 
210 132 31 
64 87 
132 198 
234 254 
244 207 
221 31 
49 180 54 231 
132 221 31 
161 210 
75 60 
195 13 
210 77 
49 180 231 
161 210 191 
210 84 
178 125 
176 302 206 
64 302 115 176 
64 60 
115 206 
64 302 
159 103 
176 115 302 
64 115 176 
80 94 
72 94 
79 31 
64 115 302 
108 92 94 
64 176 
92 13 
176 115 
13 94 
210 91 
321 75 
176 115 206 
115 125 
108 94 55 
2 109 
13 55 
91 13 
217 249 
59 125 
226 212 
172 133 
193 84 
41 86 
57 206 
121 115 
187 54 
64 130 
56 237 
64 33 115 
130 107 
32 115 64 
41 42 107 92 
84 77 
33 70 
32 33 64 115 
41 107 92 
193 84 206 
265 291 
41 70 
114 38 
36 61 
249 222 
45 295 
41 303 
273 287 
41 121 
202 285 
305 292 301 
89 90 134 
299 285 
280 10 
121 127 
65 38 
32 65 
33 85 
41 42 76 
210 163 
49 59 195 
265 299 
57 78 79 
139 309 
57 77 78 
209 179 31 
259 228 
64 38 
217 13 
201 188 
224 259 243 
317 62 
57 84 206 
307 141 
9 273 
249 230 
280 133 
59 60 125 
169 270 
98 59 
202 300 285 
105 262 
169 52 
120 164 
60 173 
185 174 
170 63 
155 319 
173 183 
96 323 
102 271 
288 265 258 
144 133 
185 53 
307 285 
187 125 
307 301 
9 281 303 
272 303 
80 323 
320 194 
32 76 
156 149 
275 151 
249 90 
149 95 
185 196 
32 33 86 
38 286 
280 281 
72 68 
288 145 
288 281 
95 23 
27 125 
27 53 
72 149 
288 133 
81 158 
20 228 
32 33 232 
121 107 127 
32 232 107 
123 188 
60 149 
288 140 
249 228 
232 33 61 
107 135 
49 167 
217 230 
80 164 
225 107 
56 107 
151 63 
161 209 
152 60 
280 281 299 
154 36 38 
113 306 
226 31 
72 69 
154 171 
171 38 
149 231 
217 281 305 
272 281 305 
27 189 
320 95 
56 111 
186 78 
171 71 
128 102 22 
272 142 
81 95 
72 95 
77 70 127 
121 225 
216 251 
171 167 
60 303 
322 276 
72 149 95 
72 22 95 
258 140 205 
217 133 281 
17 225 
20 134 
166 150 
194 260 118 
258 140 
17 225 121 
290 166 
130 302 
226 302 
41 91 179 
158 149 22 
149 22 95 
139 30 
281 298 
259 243 229 
60 23 
318 271 
186 37 70 
272 305 141 
107 132 
107 221 
217 305 
9 11 303 
167 39 
272 141 142 
167 159 
271 159 
77 70 
186 70 
276 278 
186 37 
56 124 14 
21 22 39 
149 158 95 
58 77 127 
33 26 
186 221 
275 155 
249 259 
33 226 
217 290 298 
226 60 
38 287 
264 78 
318 159 
21 22 159 
18 60 
65 49 
140 229 
75 23 
21 159 
264 65 
275 75 155 
305 258 
138 266 
275 75 23 
217 298 150 
305 166 
56 309 
161 306 
107 247 
186 266 
135 77 127 
161 86 
306 287 
144 272 141 
163 70 
83 30 
82 30 
171 118 
241 111 
112 250 
186 43 135 
82 83 30 
17 76 225 
251 126 
32 93 
32 56 
43 163 
240 9 
75 319 
10 11 303 
58 83 
58 82 
236 111 
24 18 
107 77 127 
107 77 126 
171 260 
58 83 82 30 
9 239 
209 78 
266 78 
32 64 
163 107 77 127 
171 53 
58 83 82 
224 31 
281 285 
264 65 312 
107 77 
281 298 285 
194 126 118 
32 17 33 
26 22 167 
64 17 
105 222 
163 107 77 
224 134 
58 82 30 
298 285 
64 17 121 
312 65 
65 93 
145 298 
178 11 
58 83 30 
209 107 
22 159 
72 314 
101 77 
5 287 
187 158 
318 27 22 
72 314 260 
277 61 
72 51 
306 5 
11 36 38 
187 158 95 
314 165 
262 303 
161 11 
193 58 82 30 
187 149 95 
105 212 
265 53 
11 118 
225 220 
222 230 
302 262 
187 149 158 95 
209 230 
161 286 
32 288 
193 58 30 
193 82 
258 205 287 
17 76 121 
107 87 
241 236 111 
130 77 
178 181 31 
140 285 
266 302 
298 299 
288 265 258 205 
212 295 
178 266 
258 303 
243 212 
128 167 
299 140 
281 276 
288 258 303 
11 12 
144 145 285 
144 145 269 
314 51 159 
9 84 
243 12 229 
193 58 82 
323 75 22 
302 206 31 
314 159 
18 84 
130 84 
84 93 
81 75 22 
163 118 
299 133 303 
36 125 
195 84 
320 195 
267 277 239 
193 122 
185 233 
122 83 30 
82 30 122 
77 38 
128 75 22 
152 75 22 
288 265 133 
193 122 30 
144 145 285 269 
258 205 303 
205 133 
299 205 303 
114 84 
232 125 
9 276 
288 258 133 303 
17 70 121 
17 37 
161 138 191 
91 76 92 
288 258 11 
288 265 303 
89 5 
258 11 205 
9 276 133 
9 133 281 
135 123 15 
75 93 22 
288 265 258 303 
163 77 31 
33 108 
33 38 
266 163 
9 276 133 281 
105 61 
9 10 276 
247 246 87 
108 114 92 
114 108 127 
65 217 
290 262 
122 30 
107 62 
144 285 269 
145 285 269 
265 258 205 303 
266 84 
82 83 30 122 
36 38 127 
154 271 
32 33 85 
56 135 266 15 
9 276 281 
53 118 
281 10 276 
193 186 30 
258 299 205 
265 205 303 
56 266 15 
222 134 
186 193 58 30 
236 246 
265 258 299 205 
284 245 
9 299 
56 87 
72 118 
107 36 38 
288 9 265 
32 114 61 
99 149 
232 122 236 
192 77 78 
225 122 
28 36 
41 42 28 
9 205 265 
84 77 78 
323 27 21 
291 166 
272 290 
258 11 133 
258 278 
205 258 133 
205 133 303 
144 299 269 
272 305 258 
233 31 
323 21 318 
128 26 75 
80 26 128 
274 188 
186 58 30 
58 179 
58 132 78 
188 125 
243 13 
162 283 
154 39 
24 162 283 
174 54 
122 111 
169 95 
307 301 141 
186 31 
258 300 
261 238 239 
267 83 
284 239 
122 87 
232 87 
123 83 135 
123 284 135 
232 225 239 
266 247 15 
232 225 238 
264 286 247 
266 247 87 
264 266 247 
266 14 
123 87 
312 261 
261 15 
264 246 
266 55 
239 261 55 
224 19 
16 32 61 
249 207 
144 202 11 
296 249 326 
296 249 207 
249 326 
242 147 
184 244 
195 203 
243 212 229 
195 199 
35 214 
80 279 
88 241 
62 54 
201 263 
263 231 
242 213 
218 263 
220 132 221 
176 78 
221 302 
58 221 302 
161 191 31 
58 221 30 
301 292 285 
318 71 
140 269 
9 273 287 
149 318 
9 305 287 
144 172 
144 293 
292 150 
152 74 
145 10 
272 10 
305 10 
291 11 
272 11 
153 323 
145 310 
301 310 
163 220 
83 247 
33 121 
121 130 38 
121 38 127 
41 91 101 
186 221 79 
196 317 
11 219 
281 10 133 
177 172 
242 68 
218 11 219 
283 158 
74 75 102 
115 41 91 
107 28 92 
177 267 
165 158 
170 293 
78 271 
65 114 108 
146 61 
65 132 
116 93 61 
264 312 317 
100 293 
78 55 
239 277 135 
239 317 135 
165 95 
177 135 
264 317 
317 261 
288 100 
288 185 
321 25 
321 74 
146 283 
169 79 
321 158 
205 53 
16 17 76 
321 103 
170 196 174 
25 159 
264 101 
97 91 
17 76 
120 250 
82 239 
264 238 
264 122 
122 15 
264 261 
13 103 
169 159 
110 286 
109 53 
114 130 
205 70 
231 103 
178 239 
244 159 
297 244 159 
16 220 
297 159 
267 15 
8 205 
242 53 
8 258 
142 199 
258 172 205 
56 264 
264 286 
296 234 207 
32 207 
109 242 53 
122 263 
218 122 219 
218 122 11 219 
122 219 
218 11 
242 109 
256 214 
242 125 
116 85 
56 286 
163 85 
218 122 
108 101 
214 215 
56 264 286 
56 286 15 
250 212 
286 15 
125 215 
326 214 
75 215 
139 198 191 
200 208 
169 318 
2 27 318 
256 36 38 
256 38 
256 36 
215 63 
275 215 
51 215 
125 51 53 
265 11 
215 51 63 
51 125 63 
51 53 63 
258 172 
51 63 
51 53 
75 125 63 
51 125 
75 51 
16 138 
116 92 
145 36 
181 38 
169 109 
137 301 
36 181 38 
147 141 
149 158 270 
272 305 292 
116 4 
272 273 305 
70 262 
116 4 92 
74 103 
122 70 
242 75 
72 38 
272 305 293 
192 122 163 
91 87 
116 92 127 
192 122 
281 37 
281 70 
108 38 
122 163 181 
258 11 172 205 
258 11 205 303 
264 87 
264 246 87 
9 11 205 
258 11 
8 116 92 
144 305 301 
238 87 
299 172 
9 299 265 
265 299 205 
27 155 318 
8 92 127 
51 190 
8 127 
269 133 
155 149 
122 22 
281 243 142 
202 150 
265 299 172 205 
33 122 
49 190 
258 287 
249 11 
122 163 127 
16 76 
40 49 
318 2 22 
313 142 287 
281 142 287 
40 321 
313 11 
242 67 
122 108 
288 265 258 172 
321 9 11 
205 141 303 
192 76 
243 77 
41 108 101 
60 293 
272 60 
272 243 
108 41 28 
51 11 
75 155 167 
321 150 
321 142 
321 265 
192 17 
305 60 
122 301 
288 265 258 299 
25 174 
8 108 92 
8 76 101 
128 27 318 
16 166 
16 145 
51 141 
51 303 
9 11 313 
128 318 
170 231 
301 142 
301 279 
9 187 
49 125 63 
288 299 103 
288 11 
74 11 
170 74 
74 299 
128 318 22 
205 103 
133 303 
49 51 
292 103 
145 174 
145 100 
56 284 
272 231 
301 293 
288 25 
170 103 
272 265 
265 273 
145 303 
1 293 
150 293 142 
265 276 
77 271 
196 287 
145 172 293 
293 287 
9 145 166 
122 237 
280 293 
281 305 287 
288 292 
153 26 75 
36 231 
57 58 220 
122 123 
49 171 187 
321 167 
321 81 
309 30 
49 170 171 
49 170 187 
56 58 
51 103 
243 244 
321 27 
9 145 
169 237 
58 15 
56 58 15 
65 174 
18 244 
251 148 
145 141 
65 100 
253 215 
65 53 
251 148 244 
78 135 
298 219 134 
218 243 134 
218 219 134 
218 243 298 134 
218 219 134 243 
218 219 298 134 
105 219 
49 126 
105 298 243 
105 243 134 
253 255 
112 219 134 
216 243 134 
112 105 243 
122 238 
112 218 219 243 
123 239 
218 298 134 
216 219 
255 253 215 
257 255 215 
112 218 243 
219 134 243 
243 229 134 
105 229 
217 218 219 
105 13 
194 170 
105 229 134 
194 188 
229 249 13 
194 170 188 
72 194 188 
9 307 
298 215 
112 306 
107 188 
124 277 14 
124 277 135 
186 277 135 
186 14 135 
186 111 
186 135 
186 124 277 
124 277 111 
209 132 31 
124 245 14 
43 124 14 
43 124 277 
186 43 277 
186 277 245 
186 245 135 
233 220 
135 186 111 
186 277 111 
135 277 111 
58 31 
186 14 
302 58 206 
209 58 206 
186 124 245 
186 277 245 111 
277 124 245 
209 58 302 
209 58 31 
277 245 135 
186 124 135 
186 124 277 135 
57 58 127 
58 302 127 
209 127 
41 97 47 
58 127 
130 70 
302 206 127 
16 70 
58 206 127 
206 127 
302 209 206 
209 132 302 
76 47 
209 206 31 
302 209 206 31 
312 122 
107 174 
107 188 174 
177 107 
107 100 174 
122 247 
56 277 237 135 
17 130 
177 107 188 
112 207 
236 277 
17 130 121 
49 317 
215 227 207 
302 209 58 206 
232 107 
264 83 
264 82 
56 186 277 
56 241 
159 52 103 
96 159 
89 67 
139 181 198 
264 247 87 
96 314 
206 198 
122 138 
181 302 
138 79 
206 78 79 
187 317 
18 306 
138 302 
264 286 87 
67 68 231 
170 107 188 
130 115 117 
192 306 
163 77 134 
192 134 
236 135 
112 192 
298 77 
77 262 
68 165 
236 277 135 
135 236 111 
306 45 
88 199 
56 236 111 
49 317 126 
119 23 
17 130 117 
120 314 
138 77 
16 107 
193 60 
213 126 
188 108 
186 213 
108 213 
101 85 114 
56 277 135 
138 30 
64 121 117 
33 115 108 
42 107 76 
135 237 111 
36 86 
41 76 92 
41 28 92 
117 38 
107 116 
97 42 92 
97 42 101 
65 115 116 
91 92 101 
157 23 
32 114 107 
163 77 30 
236 277 111 
88 238 
309 77 
82 245 122 
241 135 
232 55 
135 277 55 
264 225 
88 236 
241 277 
88 261 238 
56 236 277 
241 237 
130 37 
256 148 
283 67 
256 251 
138 77 30 
186 163 31 
198 30 
138 31 
198 78 
221 198 
305 172 287 
210 78 79 
221 191 
11 269 
145 265 
145 202 
210 220 78 
272 265 166 
9 285 313 
145 166 142 305 
145 166 305 
176 220 
153 202 167 
27 102 
323 155 22 
145 133 
280 145 205 
184 285 
148 285 
288 145 299 
144 145 299 
145 299 166 
144 288 
256 257 
152 75 151 
11 214 
305 301 303 
9 133 265 
257 207 
265 11 133 
9 11 265 
326 142 
9 11 133 265 
172 301 287 
305 271 
301 303 
322 11 
273 301 303 
170 188 317 
231 23 
67 23 
314 103 
146 119 
256 255 207 
248 141 
263 119 
285 148 244 
51 262 
51 147 285 
51 285 
184 51 
156 119 
51 263 
93 149 
18 147 
147 148 285 
251 148 285 
263 255 
89 45 
306 211 
112 211 
170 59 317 
170 59 126 
59 317 126 
280 305 301 
147 285 159 
170 59 188 
56 110 135 
82 122 135 
298 205 
210 179 
147 253 
32 85 86 
33 127 
65 121 
192 79 
72 213 326 
78 30 
266 85 
43 78 
78 15 
77 206 
43 132 
115 91 116 
91 61 
274 100 
57 124 
114 101 
17 36 76 
226 229 295 
274 100 174 
305 301 205 
116 17 36 
91 38 
177 274 
72 215 
218 90 
114 78 
116 13 
224 163 
90 219 
200 91 
72 207 
272 273 285 
305 205 303 
226 295 
41 36 
41 107 76 
72 256 207 
41 127 
56 161 
105 295 
16 107 47 
213 71 
243 213 
262 215 
59 188 126 
111 237 47 
107 237 111 
105 226 229 
107 111 237 47 
274 75 174 
17 111 
274 75 
226 251 229 
321 161 
306 31 
114 83 116 
218 219 262 
187 213 
233 39 
17 181 
16 238 
17 166 
170 174 317 126 
83 116 
245 61 
107 117 
13 47 
116 84 
117 13 47 
258 205 166 
51 245 
114 124 
145 258 166 
56 61 
32 229 
226 290 229 
245 159 
251 295 
117 47 
64 47 
293 229 
152 213 71 
226 293 
243 158 
290 229 
226 293 229 
120 169 
88 47 
88 13 
124 76 
107 13 47 
109 151 
72 208 
72 255 
72 253 
223 143 
89 20 
253 207 
319 23 
72 253 207 
211 222 
58 181 
315 205 
192 182 
192 181 182 
245 87 
49 100 118 
163 84 77 
163 84 78 
57 163 84 
49 195 118 
159 270 95 
98 195 63 
317 63 
90 45 
315 285 
245 286 
237 110 
278 287 
144 316 
301 141 142 
90 295 
313 301 142 
249 6 
249 222 6 
217 5 6 
144 11 316 
108 115 4 
281 322 
116 115 28 
32 116 115 28 
184 98 320 
72 320 184 
33 7 
33 37 
257 147 
32 7 
72 320 317 
297 282 
115 7 
291 141 
320 171 
272 299 
32 33 116 
112 113 134 
320 170 
80 152 
208 11 
90 12 
33 115 116 
18 226 
167 127 
309 198 
216 222 6 
217 222 6 
216 113 197 
209 92 
107 75 76 
120 157 
19 197 
90 226 
113 90 
27 279 
53 183 
172 293 150 
175 186 127 
171 235 
178 103 
148 60 
211 20 
57 161 84 191 
75 253 
120 148 
209 178 323 
60 53 183 
57 161 84 
186 163 175 
77 182 
309 61 
177 77 
58 149 
209 178 103 
209 323 
236 245 
272 258 205 
228 175 
105 205 
27 68 
236 30 
133 175 
9 235 303 
216 171 
60 157 
216 215 
226 150 
209 178 182 
194 253 
186 163 77 175 
219 213 
182 167 
84 5 
263 143 
80 81 128 
216 84 
110 86 
320 98 126 
148 253 
249 140 
30 127 
176 239 
323 279 
112 9 228 
49 223 
145 172 166 
82 227 
152 183 
122 189 
58 77 175 
82 83 135 
235 228 
217 287 
140 295 
169 167 
58 277 
58 86 
88 176 239 
323 21 167 
83 263 
82 263 
251 214 
272 313 
152 169 167 
169 21 167 
322 215 
296 214 
169 323 21 167 
265 281 
115 76 
214 287 
9 122 
120 51 196 
169 323 167 
35 147 285 
258 133 
32 33 76 
9 228 
147 287 
148 53 
169 323 
35 244 251 
147 244 251 
287 215 
296 287 
305 258 292 
169 279 
280 105 
60 214 
136 307 
147 244 285 251 
168 60 214 
189 103 
97 121 
265 133 
279 167 
168 60 
168 214 
277 30 
98 317 174 
162 245 
116 245 
114 283 
256 312 
265 322 281 
115 116 245 246 
183 189 103 
62 103 
120 196 
170 98 320 
136 265 
144 265 272 
222 150 
209 266 31 
178 266 31 
265 322 
313 172 
97 127 
116 245 246 
209 225 
57 135 
266 179 
216 287 
189 62 183 
250 117 
216 222 
98 188 
249 253 
256 287 
177 98 188 
281 299 
98 118 
51 260 
58 277 77 
144 272 280 
296 255 
209 178 182 31 
98 317 173 
281 299 205 
21 279 
277 163 77 
89 18 5 
249 10 
57 30 175 
35 285 251 
113 18 5 
98 317 126 
105 287 
18 150 
105 106 12 
65 77 
221 30 
132 191 
280 299 
242 27 
136 280 258 299 
168 187 
136 280 258 
287 207 
280 258 299 
291 172 
122 84 
257 287 
225 221 
81 149 167 
122 37 
257 147 297 
122 94 
244 287 
136 172 142 
285 35 147 244 
257 297 
105 12 5 
248 287 
152 81 149 167 
27 151 
258 142 
163 182 
313 11 235 
136 172 276 
206 239 
249 287 
178 182 31 
177 187 317 
24 162 168 
152 81 149 
281 291 
24 169 162 
169 68 158 
89 222 
168 162 158 
169 162 158 
81 151 
296 249 
188 317 126 
113 12 5 
89 105 
197 135 
20 150 
214 223 
168 162 
291 287 
24 68 
89 106 5 
157 158 
136 313 
80 151 
249 223 
308 207 
311 207 
18 20 150 
224 20 150 
280 145 258 
106 222 
311 310 303 
9 83 
9 277 
280 291 
89 106 222 
89 106 12 
209 181 
303 207 
280 258 166 
187 118 
162 146 
145 291 287 
242 171 
196 157 
272 276 
312 186 
136 291 
9 249 
320 201 
258 276 
280 166 
184 196 60 
299 301 
120 23 
89 12 5 
297 215 
187 180 54 
145 291 
136 145 272 
169 69 
196 317 126 
60 53 
113 222 
169 162 
136 272 11 
249 197 
147 46 
144 291 
80 194 71 
305 258 301 
106 12 5 
180 54 231 
272 316 
242 326 
320 188 
196 189 
144 140 
140 150 
80 194 
257 303 
81 167 
98 189 63 
177 62 
225 241 110 
11 172 287 
136 9 303 
176 209 178 206 
185 317 126 
154 250 
98 174 63 
253 46 
280 150 287 
178 206 31 
187 180 231 
140 276 
197 89 5 
223 310 215 
214 207 
35 253 
272 265 281 
184 187 60 
80 149 
197 89 12 5 
112 197 5 
310 215 
225 236 
80 128 103 
128 81 103 
24 118 
136 150 
81 25 
24 327 
313 276 
12 222 
136 272 144 
272 150 
194 53 
80 109 
248 203 
75 149 167 
60 102 
51 23 
106 219 134 
323 21 102 167 
217 228 
20 197 
251 20 
82 277 238 
167 21 71 
89 243 134 
136 9 
310 214 
135 122 284 15 
82 284 122 135 
272 9 276 
149 102 
280 322 
89 226 243 
136 316 
136 293 303 
257 242 
136 280 299 303 
144 272 281 
225 111 
112 222 
225 252 
75 21 
21 103 
242 215 
252 261 
27 103 
318 109 102 
75 109 102 
140 292 
261 110 
280 9 303 
312 277 
89 243 12 197 
136 281 299 
25 167 103 
280 281 303 
82 261 245 110 
261 110 239 
225 110 239 
281 235 293 
272 307 
9 293 281 
280 281 293 
299 292 
217 222 
201 194 
298 46 
25 323 167 
122 38 
18 243 20 
18 243 12 
68 23 
106 19 
49 63 
105 217 6 
122 7 
49 189 63 
9 10 133 
192 78 79 
175 79 
30 79 
16 29 86 
206 175 
122 94 7 
179 132 77 
57 179 
210 163 179 
210 175 
18 295 
161 163 84 
179 163 77 
161 163 77 
18 12 20 
161 186 
138 132 
90 44 
122 37 127 
210 198 
139 77 
189 118 
12 295 
57 139 
57 138 
180 53 54 
198 191 
301 142 287 
292 301 287 
314 158 
169 67 
52 157 
290 301 
299 316 
145 166 303 
126 183 
281 11 
57 209 
185 194 
53 126 
89 298 113 
10 11 292 
298 197 
18 12 90 
100 53 
106 197 134 
205 278 
216 281 
217 134 
316 133 
313 133 
27 22 279 
258 315 
217 298 281 
134 303 
226 303 
136 298 
25 102 167 
298 235 
72 103 
10 285 
196 172 
285 133 
105 298 133 
258 196 
298 133 
25 169 
196 103 
60 228 
124 87 
265 103 
314 172 
225 245 
89 218 
296 214 263 
266 111 
258 103 
72 235 
18 205 
279 39 
271 39 
271 22 167 
323 22 279 
196 205 
97 66 7 
308 213 
244 214 
258 314 
18 258 
326 214 207 
311 199 
282 199 
18 103 
214 199 
279 103 
323 103 
233 182 
84 118 
25 153 167 
91 28 76 
72 196 71 
196 71 
49 133 
49 196 174 
184 187 196 
49 187 196 
184 49 196 
318 167 
187 196 174 
184 71 
187 189 
49 169 
18 251 
187 183 
170 50 
187 196 189 
184 196 189 
133 150 
72 50 
128 9 
81 174 
72 49 174 
276 150 
75 303 
9 219 
299 228 
136 134 
9 299 228 
113 251 
305 291 301 
113 249 197 
249 12 197 
113 12 197 
217 133 
105 197 
251 197 
134 278 
288 9 
219 197 
75 22 279 
53 174 
280 202 
217 292 301 
112 113 249 
24 314 
32 28 76 
49 177 188 
49 196 118 
241 261 
130 61 38 
170 196 118 
16 33 65 
317 118 
16 36 
16 108 
203 213 215 
49 170 317 
49 170 196 
8 114 
112 219 243 
9 172 205 
114 28 
64 28 
41 76 85 
66 115 
117 29 
20 239 
64 115 116 
64 29 
97 111 
112 217 249 
312 49 
41 91 61 
312 29 
117 173 
326 310 
17 122 
10 205 
148 311 
213 310 
282 303 
222 263 
303 263 
122 124 
256 147 
80 49 
177 100 317 
272 311 
297 223 
244 223 
244 253 
244 174 
297 147 244 
49 271 
50 271 
136 288 
112 217 
25 149 167 
152 25 167 
122 244 
257 199 
224 211 228 
112 217 6 
112 105 
82 94 
184 297 
326 255 
49 244 
264 61 
255 214 199 
212 230 
184 147 
18 211 
44 295 
136 285 
298 222 
249 211 222 
90 46 
49 50 271 
184 297 244 
184 147 244 
210 263 
210 122 221 
306 6 
264 182 
176 132 31 
264 178 
82 87 
178 238 
189 62 
153 2 
101 111 
16 4 
17 4 
210 85 
269 150 
81 107 
80 153 
80 318 
256 296 207 
152 214 
152 39 
108 4 28 
17 85 
153 318 279 
218 46 
152 1 74 
321 279 
25 271 
152 25 153 
152 26 149 
74 109 
81 102 271 
25 153 271 
152 25 318 
288 299 276 
152 318 
153 271 
25 318 271 
152 81 102 
203 148 215 
81 26 
257 203 
257 244 
83 302 175 
314 283 
312 175 
108 4 85 
83 61 
312 61 
61 302 
130 107 108 
108 130 4 
217 5 222 
28 302 
108 175 
147 244 214 
130 4 85 
225 61 
27 39 
128 39 
5 230 
272 288 299 
243 230 
243 20 230 
288 285 
284 111 
65 101 
228 46 
282 326 
257 223 
121 237 
326 223 
72 317 
211 5 
212 20 
82 284 122 
225 59 
249 12 222 
53 303 
248 228 
280 63 
156 52 
24 72 
24 52 
235 142 
298 44 
89 134 113 
162 156 
81 154 
169 158 95 
88 312 
210 28 
94 239 
228 295 
146 95 
257 326 207 
298 5 
51 317 
51 100 
170 51 
228 5 
113 212 
197 5 230 
212 222 
212 12 
89 5 230 
113 219 
113 230 
112 89 12 
106 306 
241 252 
88 191 
251 6 
108 239 
84 94 
108 261 
161 94 
239 261 175 
108 261 239 
261 302 175 
216 12 
188 63 
249 83 
313 10 
174 38 
168 270 
250 53 
228 13 
258 316 
316 205 
210 250 
133 287 
250 239 
298 317 
9 258 133 
