1336 1337 
1080 1125 
1336 1337 1125 
1080 1336 
1080 1337 
1080 1337 1336 
1337 1125 
1080 1053 
1080 1073 
1073 1125 
1080 1336 1125 
1336 1125 
1097 1125 
1080 1097 
1336 1073 
1097 1073 1125 
1336 1189 
1073 1337 
1080 1189 
1125 1189 
1080 1336 1189 
1337 1125 1189 
1337 1143 
1336 1075 
1075 1125 
1125 1093 
1080 1336 1075 
1080 1337 1075 
1080 1075 
1080 1125 1093 
1138 1125 
1125 1199 
1080 1143 
1138 1143 
1146 1125 
1146 1093 
1146 1125 1093 
1080 1039 
1337 1138 
1164 1093 
1164 1125 
1080 1164 1125 
1125 1164 1093 
1080 1142 
1164 1142 
1080 1228 
1228 1047 
1125 1047 
1080 1144 
1337 1189 
1337 1199 
1075 1142 
1107 1125 
1144 1125 
1075 1164 
1125 1109 
1073 1138 
1080 1107 1125 
1080 1125 1109 
1080 1109 
1189 1047 
1146 1143 
1125 1103 
1073 1146 
1228 1199 
1337 1146 
1080 1210 1125 
1138 1039 
1080 1210 
1210 1125 
1042 1125 
1080 1042 1210 
1210 1042 1125 
1080 1042 1125 
1080 1063 
1032 1080 
1080 1125 1063 
1032 1125 
1032 1080 1125 
1032 1208 
1080 1208 
1032 1125 1208 
1032 1210 
1032 1042 
1208 1125 
1208 1071 
1208 1125 1071 
1125 1071 
1180 1125 
1080 1180 1125 
1080 1180 
1138 1189 
1073 1103 
1180 1143 
1080 1090 
1090 1125 
1075 1189 
1200 1125 
1080 1090 1125 
1080 1200 
1200 1063 
1080 1121 
1121 1125 
1073 1189 
1080 1104 1125 
1080 1121 1125 
1104 1125 
1146 1063 
1189 1199 
1092 1125 
1125 1198 
1080 1198 
1146 1198 
1080 1187 
1187 1125 
1104 1097 
1080 1215 
1125 1215 
1080 1187 1125 
1125 1086 
1080 1125 1086 
1121 1337 
1337 1047 
1125 1335 
1200 1189 
1080 1125 1335 
1210 1189 
1336 1063 
1080 1125 1175 
1125 1175 
1228 1189 
1121 1175 
1080 1193 
1336 1359 
1193 1359 
1193 1125 
1208 1164 
1336 1067 
1080 1193 1336 
1336 1193 1125 
1336 1334 
1067 1125 
1336 1193 
1080 1334 
1067 1359 
1360 1125 
1125 1334 
1164 1198 
1080 1105 
1067 1334 1359 
1360 1125 1334 
1208 1142 
1212 1125 
1097 1199 
1199 1143 
1067 1334 
1334 1359 
1189 1334 
1125 1358 
1360 1189 
1090 1189 
1189 1142 
1142 1199 
1080 1125 1358 
1198 1143 
1341 1125 
1360 1189 1142 
1210 1142 
1146 1142 
1360 1143 
1080 1213 
1041 1125 
1080 1125 1213 
1125 1135 
1334 1198 
1080 1135 
1177 1125 
1341 1213 
1155 1135 
1208 1039 
1080 1051 
1051 1125 
1090 1051 
1177 1189 
1090 1135 
1080 1179 
1212 1215 
1215 1103 
1090 1146 
1360 1199 
1138 1142 
1051 1142 
1125 1142 
1210 1213 
1336 1199 
1080 1206 
1138 1063 
1080 1164 
1155 1189 
1189 1359 
1138 1199 
1146 1179 
1138 1067 1199 
1337 1358 
1097 1155 
1155 1335 
1067 1199 
1097 1135 
1105 1143 
1208 1053 
1164 1053 
1053 1335 
1164 1213 
1056 1080 
1337 1334 
1080 1131 
1138 1164 
1189 1198 
1056 1180 
1210 1131 
1131 1189 
1336 1138 1164 
1212 1189 
1336 1198 
1336 1097 
1200 1092 
1336 1360 
1090 1179 
1080 1113 
1336 1113 
1107 1175 
1104 1334 
1113 1138 
1109 1189 
1336 1138 1063 
1208 1335 
1080 1181 
1080 1126 
1200 1177 
1336 1138 
1126 1127 
1208 1075 
1080 1171 
1336 1105 
1336 1090 
1228 1359 
1042 1189 
1336 1228 
1032 1189 
1359 1127 
1049 1125 
1056 1075 
1175 1047 
1177 1215 
1056 1198 
1105 1039 
1105 1075 
1189 1127 
1358 1127 
1131 1358 
1229 1125 
1080 1229 
1080 1166 
1049 1189 
1125 1359 
1198 1335 
1049 1212 
1155 1171 
1171 1092 
1080 1133 
1104 1358 
1133 1334 
1049 1212 1359 
1336 1335 
1337 1335 
1181 1189 
1336 1093 
1125 1181 
1177 1166 
1337 1227 
1080 1337 1214 
1080 1227 
1080 1337 1227 
1080 1214 
1080 1191 
1189 1214 
1336 1179 
1227 1189 
1179 1227 
1189 1191 
1179 1198 
1177 1179 
1212 1198 
1179 1189 
1138 1166 
1073 1187 
1166 1199 
1073 1358 
1336 1089 
1080 1136 
1358 1126 
1193 1228 
1336 1126 
1337 1082 
1212 1359 
1138 1131 
1082 1199 
1097 1206 
1198 1086 
1228 1198 
1198 1175 
1086 1359 
1359 1175 
1179 1228 
1228 1198 1086 
1133 1359 
1214 1135 
1135 1047 
1109 1215 
1097 1359 
1109 1175 
1082 1334 
1086 1047 
1086 1135 
1171 1359 
1227 1206 
1206 1198 
1228 1086 
1193 1227 
1171 1189 
1189 1086 
1228 1109 1127 
1073 1214 
1179 1214 
1097 1189 
1228 1198 1126 
1198 1126 1127 
1187 1229 
1146 1103 
1179 1187 
1080 1042 
1041 1213 
1337 1117 
1337 1114 
1075 1053 
1208 1191 1103 
1105 1067 
1107 1067 
1208 1191 
1089 1075 
1105 1125 
1191 1103 
1210 1164 
1040 1210 
1040 1075 
1040 1107 
1040 1191 
1104 1146 
1104 1336 
1040 1138 
1040 1071 
1193 1206 
1092 1359 
1360 1229 
1360 1073 
1177 1047 
1228 1175 
1133 1189 
1177 1154 
1097 1121 
1228 1109 
1177 1171 
1040 1334 
1360 1214 
1040 1138 1334 
1175 1103 
1056 1086 
1067 1228 
1228 1229 
1040 1155 
1125 1143 
1103 1039 
1198 1126 
1040 1146 
1121 1127 
1040 1090 
1040 1189 
1336 1067 1228 
1358 1198 
1067 1358 
1040 1336 
1040 1198 
1040 1039 
1336 1086 
1040 1206 
1040 1213 
1040 1086 
1360 1337 
1336 1171 
1040 1171 
1040 1127 
1155 1053 
1200 1109 
1146 1047 
1131 1047 
1089 1228 
1075 1228 
1179 1092 
1228 1053 
1067 1148 
1080 1358 
1228 1075 1164 
1073 1199 
1040 1360 1189 
1198 1127 
1075 1175 
1067 1133 
1040 1360 
1105 1228 
1208 1093 
1053 1191 
1082 1067 
1049 1228 
1040 1049 
1154 1051 
1105 1125 1143 
1200 1107 
1088 1143 
1088 1125 
1208 1103 
1040 1181 
1336 1358 
1107 1086 
1131 1086 
1073 1206 
1082 1086 
1360 1154 
1040 1180 
1040 1073 
1148 1214 
1040 1228 
1212 1181 
1189 1358 
1336 1181 
1177 1193 
1049 1133 1189 
1049 1133 
1228 1126 
1040 1080 
1040 1336 1199 
1040 1199 
1133 1181 
1040 1104 
1040 1088 
1040 1133 
1049 1138 
1040 1336 1063 
1049 1199 
1040 1117 
1040 1336 1117 
1336 1117 
1040 1143 
1040 1080 1143 
1336 1143 
1080 1138 
1080 1117 
1164 1335 
1215 1135 
1138 1179 
1080 1061 
1061 1143 
1117 1143 
1061 1189 
1040 1138 1061 
1040 1061 
1133 1061 
1200 1214 
1097 1047 
1341 1103 
1148 1047 
1360 1133 
1337 1171 
1334 1199 
1107 1117 
1193 1109 
1143 1047 
1082 1215 
1156 1143 
1040 1138 1189 
1228 1143 
1080 1336 1143 
1336 1228 1143 
1080 1065 
1359 1199 
1080 1065 1143 
1073 1171 
1154 1214 
1065 1214 
1065 1143 
1336 1073 1337 
1073 1171 1337 
1359 1334 1199 
1073 1121 
1336 1337 1171 
1155 1156 
1228 1334 
1213 1071 
1191 1071 
1171 1212 
1210 1341 
1090 1341 
1336 1212 
1131 1171 
1136 1142 
1089 1142 
1360 1334 
1041 1210 
1171 1156 
1180 1358 
1358 1334 
1051 1335 
1065 1358 
1104 1051 
1080 1049 
1210 1341 1213 
1156 1117 
1336 1125 1181 
1360 1065 
1336 1097 1125 
1089 1358 
1090 1126 
1208 1143 
1125 1061 
1171 1214 
1040 1041 
1073 1198 
1146 1126 
1177 1228 
1105 1212 1143 
1212 1189 1143 
1105 1212 1189 1143 
1212 1143 
1154 1187 
1171 1215 
1105 1212 
1049 1212 1189 
1105 1212 1189 
1189 1143 
1177 1103 
1360 1177 
1088 1133 
1337 1228 
1177 1191 
1208 1053 1191 
1040 1138 1133 
1105 1189 1143 
1138 1133 
1073 1117 
1177 1191 1103 
1067 1039 
1181 1143 
1041 1206 
1089 1075 1142 
1089 1164 
1189 1181 1143 
1089 1164 1142 
1105 1189 
1212 1103 
1105 1061 
1105 1181 1189 
1105 1125 1061 
1040 1136 
1040 1105 
1049 1063 
1049 1181 1189 
1049 1181 
1133 1199 
1049 1125 1061 
1082 1228 
1105 1181 
1049 1061 
1136 1189 
1113 1164 
1053 1103 
1146 1228 
1104 1133 
1040 1337 
1105 1049 
1136 1114 
1113 1142 
1210 1114 
1040 1103 
1080 1104 
1143 1063 
1073 1334 
1088 1138 
1067 1133 1359 
1067 1133 1334 
1133 1334 1359 
1105 1125 1181 
1080 1085 
1191 1053 1103 
1105 1181 1143 
1097 1138 
1049 1125 1181 
1335 1135 
1073 1127 
1105 1138 1189 
1208 1177 
1073 1180 
1080 1152 
1152 1180 
1208 1177 1191 
1146 1127 
1146 1156 
1193 1358 
1152 1073 
1085 1358 
1152 1358 
1073 1179 1337 
1105 1125 1181 1143 
1073 1085 
1208 1177 1191 1103 
1152 1073 1180 
1073 1085 1358 
1107 1051 
1073 1164 
1208 1177 1103 
1089 1073 
1073 1075 
1337 1179 
1105 1063 
1040 1179 
1040 1114 
1189 1063 
1214 1215 
1056 1092 
1336 1061 
1358 1063 
1138 1171 
1080 1107 
1073 1061 
1152 1089 
1075 1164 1142 
1179 1125 
1193 1117 1358 
1117 1358 
1152 1142 
1065 1090 
1152 1337 
1105 1125 1189 
1156 1198 
1360 1171 
1360 1138 1171 
1360 1138 
1155 1092 
1075 1063 
1152 1107 
1075 1171 
1093 1047 
1075 1358 
1336 1138 1171 
1090 1127 
1089 1210 
1075 1156 
1164 1156 
1088 1187 
1360 1228 
1040 1053 
1228 1142 
1090 1067 
1082 1142 
1152 1089 1228 
1051 1187 
1152 1228 
1082 1359 
1088 1092 
1040 1092 
1040 1067 
1155 1229 
1088 1090 
1080 1092 
1138 1067 
1073 1051 
1080 1149 
1187 1334 
1155 1149 
1155 1117 
1138 1117 
1082 1125 
1125 1117 
1090 1131 
1104 1113 
1113 1187 
1113 1229 
1088 1104 
1104 1138 1164 
1156 1109 
1080 1067 
1080 1359 
1156 1109 1214 
1156 1214 
1056 1107 
1080 1082 1067 
1138 1086 
1171 1086 
1080 1082 
1227 1191 
1080 1162 1067 
1180 1149 
1104 1191 
1193 1191 
1104 1177 
1080 1162 
1082 1162 
1104 1227 
1227 1143 
1080 1158 
1336 1187 
1187 1175 
1136 1227 
1104 1187 
1040 1158 
1138 1158 
1162 1067 
1162 1039 
1033 1201 
1033 1067 
1179 1039 
1158 1199 
1171 1228 
1105 1146 
1336 1125 1189 
1104 1047 
1066 1067 
1138 1334 
1177 1149 
1104 1033 
1107 1149 
1177 1082 
1162 1335 
1133 1158 
1214 1359 
1152 1075 
1228 1156 
1228 1215 
1358 1142 
1360 1114 
1177 1114 
1162 1156 
1040 1359 
1138 1228 
1138 1227 
1109 1142 
1073 1114 
1138 1092 
1152 1158 
1198 1039 
1156 1039 
1227 1228 
1200 1180 
1040 1152 
1075 1117 
1107 1133 1189 
1193 1171 
1228 1125 
1171 1198 
1125 1126 
1171 1125 
1133 1125 
1090 1039 
1149 1335 
1336 1149 
1090 1114 
1105 1171 
1088 1113 
1187 1191 
1191 1175 
1154 1191 
1210 1171 
1179 1149 
1149 1181 
1210 1149 
1131 1155 
1075 1047 
1214 1103 
1104 1075 
1088 1206 
1146 1126 1127 
1214 1191 
1073 1135 
1229 1198 
1210 1179 
1073 1179 
1073 1126 
1191 1214 1103 
1152 1086 
1131 1063 
1210 1138 
1201 1228 
1090 1142 
1228 1039 
1033 1210 
1201 1210 
1107 1206 
1033 1206 
1168 1359 
1360 1073 1214 
1088 1175 
1168 1206 
1168 1138 
1089 1065 
1088 1187 1175 
1131 1206 
1146 1189 
1146 1334 
1229 1175 
1131 1067 
1146 1164 
1208 1180 
1033 1073 
1106 1067 
1200 1086 
1177 1142 
1133 1334 1189 
1090 1198 
1033 1210 1201 
1144 1073 
1109 1191 
1168 1073 
1073 1133 
1336 1164 
1179 1206 
1138 1206 
1360 1162 
1104 1175 
1080 1336 1164 
1179 1164 
1065 1082 
1179 1212 
1336 1227 
1336 1206 
1149 1175 
1162 1086 
1228 1206 
1212 1180 
1084 1359 
1067 1171 
1115 1359 
1360 1227 
1080 1360 
1104 1206 
1026 1359 
1089 1180 
1090 1180 
1065 1093 
1193 1086 
1180 1156 
1090 1156 
1040 1208 
1089 1191 
1105 1090 1171 
1090 1106 
1114 1215 
1360 1212 
1089 1063 
1136 1336 
1067 1063 
1136 1065 
1213 1142 
1142 1191 
1208 1142 1191 
1136 1138 
1040 1042 
1136 1210 
1093 1191 
1228 1133 
1156 1126 
1080 1089 
1136 1199 
1026 1115 
1075 1215 
1179 1103 
1142 1103 
1082 1191 
1210 1126 
1208 1179 
1115 1133 
1131 1133 
1136 1033 
1033 1090 
1201 1131 
1090 1214 
1106 1206 
1336 1214 
1065 1133 
1228 1158 
1032 1115 
1200 1115 
1177 1042 
1073 1146 1198 
1040 1131 
1042 1149 
1201 1210 1126 
1360 1075 
1136 1146 
1073 1109 
1180 1334 
1104 1090 
1136 1039 
1106 1227 
1106 1227 1180 
1106 1180 
1336 1115 
1136 1126 
1146 1213 
1146 1133 
1080 1088 
1097 1180 
1088 1073 
1200 1042 
1171 1191 
1106 1131 
1360 1180 
1032 1200 
1088 1109 
1136 1341 
1088 1336 
1144 1075 
1080 1146 
1136 1073 
1107 1334 
1088 1142 
1075 1180 
1115 1107 
1131 1117 
1336 1146 
1210 1180 1126 
1117 1063 
1142 1175 
1106 1158 
1179 1191 
1168 1336 
1168 1125 
1162 1133 
1032 1088 
1189 1125 1143 
1065 1066 
1156 1133 
1073 1210 
1142 1126 
1171 1126 
1146 1175 
1136 1126 1039 
1136 1090 
1136 1109 
1136 1127 1039 
1073 1162 
1168 1049 
1136 1090 1210 
1136 1090 1039 
1115 1117 
1136 1127 
1065 1215 
1126 1039 
1084 1133 
1336 1138 1125 
1073 1149 
1360 1149 
1187 1189 
1073 1039 
1164 1117 
1337 1212 
1168 1227 
1073 1090 
1136 1115 
1131 1039 
1131 1092 
1032 1191 
1136 1171 
1146 1358 
1136 1084 
1136 1075 
1146 1117 
1105 1126 
1336 1114 
1171 1127 
1033 1193 
1117 1198 
1208 1089 
1180 1092 
1092 1063 
1115 1084 
1033 1063 
1187 1133 
1105 1142 
1073 1115 
1109 1126 
1138 1149 
1066 1138 
1133 1175 
1080 1212 
1144 1138 
1334 1175 
1146 1171 
1080 1207 
1146 1075 
1084 1213 
1080 1336 1212 
1336 1207 
1212 1207 
1212 1117 
1080 1117 1358 
1162 1198 
1227 1229 
1136 1073 1039 
1090 1164 
1090 1228 
1171 1179 
1104 1090 1039 
1033 1049 
1113 1033 
1146 1212 
1113 1201 
1201 1341 
1201 1213 
1189 1175 
1133 1334 1175 
1136 1212 
1189 1133 1175 
1189 1334 1175 
1080 1188 
1191 1127 
1228 1103 
1200 1131 
1227 1103 
1201 1227 
1033 1334 
1191 1063 
1104 1171 
1080 1130 
1073 1158 
1107 1180 
1114 1334 
1090 1117 
1336 1049 
1136 1130 
1073 1142 
1136 1117 
1105 1090 
1105 1073 
1144 1149 
1115 1075 
1075 1206 
1075 1188 
1206 1142 
1144 1168 
1051 1135 
1208 1042 
1097 1175 
1042 1175 
1208 1126 
1208 1127 
1146 1198 1127 
1193 1341 
1188 1125 
1177 1086 
1210 1148 
1148 1213 
1177 1126 
1193 1229 
1337 1204 
1136 1213 
1086 1071 
1201 1066 
1073 1071 
1201 1086 
1146 1198 1126 
1204 1199 
1051 1179 
1204 1133 
1138 1198 
1042 1198 
1138 1075 
1179 1334 
1201 1071 
1051 1149 
1033 1164 
1066 1212 
1212 1071 
1049 1177 
1178 1171 
1089 1125 
1149 1358 
1136 1156 
1171 1085 
1042 1126 
1201 1149 
1089 1107 
1337 1108 
1200 1171 
1228 1204 
1100 1125 
1336 1212 1125 
1125 1207 
1155 1214 
1210 1156 
1092 1191 
1178 1175 
1073 1178 
1130 1133 
1138 1085 
1090 1204 
1204 1334 
1090 1334 
1089 1092 
1187 1092 
1097 1126 
1178 1149 
1066 1179 
1075 1126 
1097 1215 
1100 1149 
1149 1215 
1089 1204 
1104 1188 
1090 1188 
1188 1142 
1092 1127 
1146 1135 
1056 1193 
1193 1334 
1026 1334 
1334 1071 
1026 1090 
1092 1126 
1097 1051 
1171 1142 
1341 1198 
1187 1086 
1085 1199 
1138 1146 
1138 1215 
1092 1142 
1179 1126 
1138 1358 
1032 1092 
1092 1335 
1171 1071 
1042 1138 
1032 1026 
1201 1188 
1097 1158 
1187 1228 
1228 1341 
1049 1042 
1144 1090 
1051 1228 
1188 1358 
1206 1199 
1168 1084 
1168 1135 
1201 1039 
1033 1199 
1164 1359 
1228 1135 
1188 1358 1175 
1201 1135 
1204 1156 
1188 1175 
1177 1039 
1051 1039 
1360 1142 
1026 1135 
1133 1126 
1066 1206 
1056 1039 
1026 1204 
1026 1133 
1092 1135 
1080 1108 
1210 1206 
1188 1039 
1162 1204 
1049 1135 
1171 1135 
1090 1149 
1188 1133 1334 
1133 1191 
1168 1178 
1114 1171 
1336 1178 
1067 1188 1133 
1090 1126 1127 
1146 1188 
1130 1227 
1026 1188 
1033 1188 
1210 1227 
1146 1359 
1171 1188 
1188 1199 
1073 1201 
1090 1198 1126 
1033 1229 
1334 1135 
1171 1334 
1082 1133 
1042 1199 
1042 1171 
1171 1207 
1032 1033 
1210 1135 
1041 1193 
1042 1334 
1090 1198 1127 
1033 1175 
1177 1138 
1033 1026 
1033 1114 
1033 1114 1229 
1164 1135 
1358 1135 
1042 1135 
1204 1135 
1073 1204 
1360 1130 
1360 1033 
1114 1142 
1336 1073 1199 
1032 1164 
1164 1358 
1042 1142 
1080 1128 
1336 1073 1360 
1032 1042 1067 
1204 1156 1199 
1033 1148 
1114 1358 
1032 1042 1104 
1130 1179 
1179 1199 
1032 1104 
1114 1138 
1032 1199 
1032 1042 1187 
1032 1042 1171 
1033 1042 
1104 1138 
1105 1138 
1033 1138 
1033 1142 
1082 1171 
1032 1133 
1089 1033 
1033 1187 
1033 1227 
1033 1198 
1033 1149 
1227 1358 
1171 1149 
1179 1148 
1358 1191 
1105 1198 
1177 1133 
1049 1084 
1335 1191 
1032 1042 1138 
1033 1126 
1041 1341 
1138 1127 
1204 1206 
1156 1149 
1073 1130 
1360 1179 
1097 1179 
1033 1179 
1104 1073 
1212 1156 
1042 1067 
1092 1039 
1126 1191 
1097 1033 
1082 1029 
1066 1135 
1086 1335 
1117 1093 
1113 1166 
1200 1108 
1228 1164 
1144 1228 
1360 1135 
1107 1228 
1168 1199 
1360 1175 
1187 1135 
1210 1335 
1187 1335 
1065 1107 
1136 1175 
1138 1178 
1201 1114 
1200 1206 
1051 1335 1135 
1335 1039 
1128 1148 
1114 1039 
1201 1051 
1136 1204 
1360 1042 
1336 1033 
1336 1138 1178 
1114 1051 
1097 1228 
1177 1204 
1136 1148 
1042 1204 
1080 1057 
1128 1026 
1026 1125 
1097 1334 
1168 1042 
1104 1128 
1336 1191 
1204 1198 
1177 1066 
1336 1162 
1228 1188 
1168 1179 
1178 1181 
1042 1166 
1179 1181 
1146 1148 
1097 1033 1227 
1114 1228 
1026 1042 
1042 1188 
1188 1334 
1210 1198 
1033 1166 
1080 1046 
1033 1115 
1336 1026 
1115 1179 
1041 1198 
1057 1171 
1057 1171 1148 
1168 1117 
1130 1085 
1026 1066 
1041 1164 1198 
1171 1164 
1033 1204 
1108 1046 
1130 1214 
1067 1204 
1073 1156 
1146 1181 
1057 1073 
1142 1135 
1057 1108 
1033 1125 
1046 1039 
1089 1066 
1337 1210 
1336 1177 
1080 1173 
1360 1066 
1053 1214 
1337 1173 
1208 1212 
1026 1084 
1066 1125 
1168 1114 
1108 1142 
1229 1214 
1042 1173 
1360 1089 
1229 1199 
1360 1057 
1177 1214 
1206 1135 
1089 1198 
1042 1090 
1073 1166 
1117 1166 
1358 1046 
1177 1115 
1114 1115 
1130 1212 
1200 1090 
1210 1191 
1130 1138 
1227 1086 
1178 1173 
1178 1207 
1336 1173 
1162 1126 
1056 1046 
1178 1093 
1360 1173 
1228 1133 1334 
1360 1115 
1187 1207 
1336 1228 1173 
1228 1173 
1138 1115 
1138 1093 
1168 1228 
1162 1107 
1138 1173 
1032 1138 
1200 1138 
1360 1126 
1042 1108 
1057 1138 
1200 1227 
1177 1227 
1104 1136 
1056 1126 
1162 1149 
1164 1100 
1227 1039 
1104 1042 
1042 1227 
1090 1171 
1178 1228 
1179 1229 
1057 1149 
1066 1126 
1100 1135 
1168 1093 
1360 1057 1149 
1128 1191 
1208 1135 
1336 1204 1117 
1177 1115 1204 
1204 1214 
1156 1215 
1130 1228 
1213 1191 
1336 1204 
1212 1229 
1162 1359 
1032 1171 
1042 1066 
1208 1115 
1138 1187 
1057 1228 
1337 1100 
1336 1100 
1080 1100 
1212 1214 
1168 1067 
1204 1117 
1360 1204 
1051 1155 
1056 1135 
1133 1135 
1212 1158 
1136 1162 
1204 1229 
1336 1213 
1360 1204 1229 
1212 1204 
1213 1334 
1115 1149 
1136 1206 
1168 1178 1135 
1138 1135 
1229 1149 
1162 1142 
1360 1090 
1193 1133 
1204 1085 
1199 1039 
1206 1191 
1337 1093 
1229 1360 1149 
1090 1191 
1155 1126 
1155 1191 
1208 1187 
1108 1149 
1208 1138 1187 
1090 1199 
1193 1198 
1138 1084 
1138 1191 
1168 1149 
1187 1214 
1214 1166 
1155 1212 
1138 1084 1191 
1187 1214 1166 
1084 1191 
1155 1204 
1164 1126 
1187 1166 
1360 1155 
1155 1187 
1229 1158 
1187 1149 
1341 1029 
1138 1029 
1138 1029 1191 
1029 1191 
1080 1044 
1130 1229 
1336 1039 
1210 1090 
1056 1171 
1130 1029 1138 
1130 1029 
1168 1178 1093 
1128 1044 
1178 1135 
1149 1085 
1080 1337 1135 
1187 1149 1085 
1128 1084 
1130 1158 
1051 1155 1135 
1336 1142 
1090 1178 
1051 1155 1335 
1089 1126 
1073 1126 1358 
1136 1360 
1360 1127 
1334 1214 
1032 1128 
1228 1212 
1144 1057 
1046 1191 
1042 1115 
1138 1214 
1042 1179 
1107 1191 
1166 1046 
1067 1214 
1085 1214 
1156 1213 
1065 1177 
1044 1149 
1187 1126 
1073 1177 
1212 1108 
1136 1358 
1136 1358 1127 
1168 1177 
1360 1358 
1155 1335 1135 
1128 1046 
1206 1126 
1051 1155 1335 1135 
1360 1039 
1128 1051 
1156 1334 
1136 1057 
1162 1164 
1042 1044 
1090 1162 
1144 1360 
1029 1158 
1138 1162 
1156 1359 
1144 1360 1149 
1177 1107 
1128 1135 
1128 1044 1046 
1168 1164 
1042 1071 
1049 1156 
1360 1029 
1044 1135 
1156 1334 1359 
1360 1149 1029 
1178 1164 
1044 1046 
1149 1029 
1168 1178 1164 
1341 1127 
1156 1181 
1144 1360 1029 
1336 1210 
1208 1213 
1049 1156 1181 
1168 1164 1093 
1144 1029 
1056 1175 
1130 1084 
1090 1109 
1171 1213 
1105 1049 1125 
1179 1204 
1092 1175 
1198 1191 
1144 1149 1029 
1149 1127 
1057 1149 1029 
1336 1057 
1155 1227 
1049 1171 
1142 1086 
1066 1227 
1117 1039 
1115 1171 
1080 1199 
1358 1039 
1127 1071 
1090 1206 
1065 1109 
1336 1108 
1168 1075 
1032 1086 
1336 1057 1108 
1168 1075 1164 
1228 1127 
1066 1181 
1136 1179 
1136 1198 
1149 1135 
1107 1127 
1071 1039 
1336 1156 
1200 1033 
1033 1213 
1138 1229 
1136 1067 
1033 1201 1213 
1084 1229 
1336 1229 
1138 1084 1229 
1041 1084 
1181 1334 
1057 1117 
1086 1215 
1057 1117 1073 
1042 1215 
1212 1334 
1029 1135 
1206 1158 
1136 1177 
1033 1117 
1109 1158 
1075 1093 
1336 1049 1125 
1336 1138 1143 
1206 1127 
1210 1130 
1073 1227 
1138 1213 
1033 1228 
1149 1103 
1067 1044 
1168 1046 
1162 1092 
1032 1107 
1042 1107 
1033 1100 
1033 1201 1100 
1168 1033 
1180 1135 
1212 1142 
1149 1126 
1100 1198 
1033 1201 1198 
1033 1100 1198 
1033 1146 
1175 1135 
1032 1212 
1080 1102 
1042 1084 
1057 1126 
1187 1046 
1336 1044 
1154 1156 
1044 1142 
1057 1142 
1105 1164 
1073 1082 
1056 1191 
1090 1213 
1090 1175 
1142 1215 
1136 1155 
1208 1215 
1136 1135 
1090 1103 
1154 1178 
1097 1335 
1156 1135 
1204 1175 
1191 1090 1103 
1162 1179 
1105 1199 
1177 1135 
1177 1155 1135 
1156 1199 
1164 1214 
1154 1171 
1057 1180 
1188 1126 
1128 1042 
1080 1106 
1057 1090 
1057 1090 1180 
1125 1191 
1179 1335 
1336 1138 1360 
1227 1109 
1033 1133 
1180 1100 
1212 1100 
1056 1155 
1128 1033 
1187 1100 
1117 1135 
1336 1135 
1179 1029 
1082 1207 
1042 1358 
1334 1086 
1336 1042 
1204 1188 
1179 1127 
1177 1214 1191 
1100 1126 
1201 1108 
1108 1085 
1146 1158 
1336 1180 
1033 1193 1227 
1049 1103 
1066 1029 
1080 1033 
1097 1082 
1105 1114 
1193 1142 
1089 1108 
1154 1207 
1042 1103 
1042 1158 
1042 1207 
1154 1179 
1193 1085 
1042 1086 
1146 1086 
1097 1193 
1193 1154 
1067 1175 
1057 1199 
1193 1127 
1090 1212 
1149 1158 
1057 1133 
1126 1199 
1171 1117 
1360 1210 
1117 1126 
1057 1198 
1166 1039 
1193 1175 
1166 1191 
1128 1358 
1032 1359 
1156 1175 
1057 1109 
1180 1126 
1193 1029 
1082 1155 1135 
1359 1191 
1180 1175 
1193 1180 
1198 1142 
1210 1090 1171 
1210 1090 1198 
1136 1164 
1212 1166 
1171 1199 
1187 1156 
1215 1191 
1117 1199 
1133 1142 
1090 1133 
1358 1166 
1117 1142 
1044 1126 
1044 1133 
1044 1199 
1210 1133 
1204 1358 
1193 1204 
1187 1142 
1057 1029 
1032 1082 
1191 1039 
1228 1117 
1136 1103 
1179 1093 
1080 1103 
1090 1138 
1029 1142 
1360 1029 1142 
1142 1029 1126 
1029 1126 
1136 1187 
1057 1229 
1171 1158 
1171 1214 1158 
1085 1334 1359 
1104 1228 
1090 1229 
1214 1158 
1029 1206 
1106 1115 
1090 1187 
1065 1029 
1065 1149 1029 
1089 1085 1358 
1133 1085 1358 
1138 1126 
1089 1133 
1136 1042 
1065 1115 
1198 1046 
1171 1358 
1171 1133 
1171 1029 
1032 1179 
1042 1228 
1228 1358 
1065 1085 
1042 1039 
1228 1029 
1106 1229 
1089 1042 
1336 1133 
1142 1046 
1228 1029 1358 
1104 1215 
1133 1029 
1089 1198 1126 
1133 1358 
1042 1187 
1229 1142 
1204 1149 
1106 1149 
1360 1341 
1090 1358 
1336 1215 
1042 1133 
1162 1206 
1210 1039 
1360 1067 
1360 1042 1133 
1360 1158 
1336 1158 
1210 1358 
1032 1214 
1171 1039 
1138 1156 
1067 1206 
1142 1039 
1180 1133 
1210 1180 
1180 1039 
1085 1126 
1138 1103 
1228 1191 
1033 1341 
1148 1084 
1193 1148 
1193 1084 
1126 1215 
1164 1148 
1032 1051 
1042 1085 
1032 1085 
1032 1042 1085 
1032 1155 
1214 1199 
1026 1117 
1133 1173 
1360 1178 
1082 1359 1199 
1360 1082 
1073 1093 
1360 1051 
1057 1193 
1228 1084 
1084 1126 
1152 1173 
1056 1154 
1179 1213 
1041 1179 
1066 1133 
1360 1121 
1089 1117 
1065 1086 
1056 1335 
1144 1155 
1156 1335 
1168 1215 
1066 1155 
1032 1075 
1032 1084 
1360 1359 
1086 1046 
1212 1086 
1121 1135 
1152 1065 
1082 1155 
1066 1075 
1066 1335 
1164 1127 
1082 1335 
1152 1215 
1115 1335 
1152 1133 
1154 1086 
1082 1214 
1075 1359 
1214 1335 
1032 1066 
1075 1335 
1121 1126 
1146 1178 
1212 1127 
1126 1135 
1090 1075 
1168 1146 
1168 1171 
1135 1103 
1191 1135 
1082 1075 1135 
1168 1133 
1168 1198 
1336 1360 1212 
1042 1206 
1146 1191 
1164 1206 
1075 1135 
1146 1335 
1089 1114 
1090 1154 
1168 1126 
1126 1359 
1073 1146 1075 
1073 1146 1335 
1032 1067 
1073 1335 
1152 1039 
1032 1168 
1051 1359 
1075 1067 
1146 1215 
1075 1085 
1092 1215 
1032 1042 1359 
1065 1042 
1066 1085 
1135 1127 
1032 1065 1042 
1152 1212 
1336 1360 1125 
1114 1126 
1212 1085 
1085 1191 
1152 1125 
1152 1149 
1032 1065 
1067 1191 
1334 1215 
1067 1189 
1066 1092 
1152 1084 
1152 1212 1189 
1122 1138 
1042 1146 
1122 1178 
1204 1143 
1152 1360 
1152 1204 
1152 1143 
1090 1130 
1152 1214 
1360 1086 
1149 1198 
1152 1213 
1152 1126 
1178 1126 
1042 1213 
1154 1085 
1204 1213 
1152 1156 
1187 1204 
1057 1125 
1125 1214 
1125 1039 
1152 1191 
1204 1191 
1191 1171 1103 
1032 1130 
1360 1191 
1334 1126 
1032 1042 1215 
1097 1085 
1122 1093 
1171 1204 
1171 1143 
1105 1127 
1042 1127 
1067 1127 
1082 1204 
1179 1085 
1082 1179 
1212 1125 1143 
1152 1188 
1168 1049 1206 
1067 1158 
1152 1210 
1146 1085 1126 
1032 1042 1199 
1073 1204 1156 
1073 1042 
1042 1109 
1171 1180 
1085 1127 
1178 1189 
1089 1090 
1105 1033 
1228 1189 1334 
1033 1143 
1207 1039 
1089 1206 
1177 1127 
1168 1213 
1041 1092 
1177 1067 
1128 1187 
1044 1100 
1065 1026 
1168 1173 
1193 1026 
1049 1138 1212 
1178 1085 
1212 1046 
1210 1026 1075 
1210 1212 
1051 1212 
1187 1029 
1049 1051 
1210 1051 
1051 1085 
1212 1199 
1075 1204 
1082 1130 
1097 1086 
1082 1180 
1065 1121 
1065 1187 
1336 1130 
1188 1133 
1201 1142 
1075 1334 
1082 1075 
1334 1206 
1177 1090 
1125 1029 
1193 1199 
1201 1334 
1164 1334 
1075 1158 
1171 1084 
1171 1206 
1177 1188 
1066 1146 
1084 1214 
1336 1122 
1130 1126 
1136 1173 
1146 1187 
1051 1334 
1168 1334 1086 
1168 1334 
1051 1127 
1097 1207 
1130 1187 
1193 1178 
1146 1204 
1168 1051 
1097 1049 
1075 1133 
1075 1109 
1085 1046 
1089 1121 
1188 1135 
1090 1085 
1065 1146 
1168 1146 1127 
1168 1127 
1097 1114 
1075 1188 1109 
1080 1146 1168 
1080 1168 
1046 1103 
1136 1051 
1177 1092 
1178 1198 
1032 1177 
1193 1075 
1080 1035 
1105 1035 
1035 1143 
1360 1122 
1049 1114 
1089 1171 
1080 1035 1047 
1146 1035 
1105 1035 1047 
1121 1171 
1080 1035 1149 
1035 1149 1047 
1035 1143 1047 
1201 1189 
1035 1149 
1193 1188 
1201 1146 
1154 1198 
1336 1084 
1152 1065 1360 
1075 1084 
1121 1138 
1193 1135 
1114 1155 
1046 1127 
1090 1046 
1065 1171 
1121 1047 
1075 1127 
1115 1046 
1228 1085 
1336 1035 
1051 1035 
1035 1227 
1336 1053 
1130 1171 
1152 1114 
1035 1180 
1171 1047 
1121 1334 
1049 1207 
1035 1212 
1336 1035 1212 
1336 1035 1189 
1336 1212 1189 
1065 1075 
1032 1042 1126 
1136 1191 
1136 1201 
1136 1210 1191 
1158 1127 
1033 1066 
1201 1210 1227 
1201 1126 
1201 1075 
1201 1103 
1057 1035 
1144 1121 
1144 1214 
1130 1086 
1152 1187 
1035 1092 
1032 1149 
1146 1162 
1075 1155 
1158 1359 
1158 1126 
1158 1215 
1033 1177 
1033 1109 
1065 1047 
1089 1053 
1065 1359 
1144 1204 
1201 1090 
1201 1210 1158 
1334 1158 
1033 1086 
1336 1171 1133 
1193 1053 
1053 1086 
1210 1187 
1334 1191 
1104 1071 
1204 1093 
1212 1053 
1104 1086 
1336 1085 
1114 1085 
1162 1199 
1035 1126 
1035 1127 
1178 1103 
1204 1189 
1115 1334 
1189 1213 
1104 1201 
1210 1155 
1075 1198 
1049 1090 
1033 1035 
1178 1335 
1128 1103 
1152 1085 
1177 1053 
1080 1127 
1104 1044 
1080 1035 1127 
1146 1075 1198 
1090 1122 
1177 1053 1191 
1073 1035 
1035 1155 
1035 1086 
1105 1047 
1086 1103 
1035 1103 
1075 1198 1142 
1105 1171 1047 
1105 1171 1143 
1177 1053 1103 
1114 1029 
1177 1191 1053 1103 
1138 1035 
1029 1199 
1051 1126 
1104 1152 
1097 1035 
1144 1191 
1035 1228 
1035 1164 1198 
1080 1035 1198 
1035 1164 
1114 1198 
1336 1138 1035 
1146 1075 1142 
1040 1080 1035 
1040 1080 1035 1158 
1040 1035 
1035 1171 
1171 1103 
1051 1053 
1065 1035 
1065 1228 
1127 1103 
1198 1103 
1085 1198 
1187 1133 1189 
1049 1162 
1075 1035 
1049 1162 1199 
1162 1156 1199 
1180 1103 
1122 1035 
1178 1035 
1178 1035 1085 
1085 1142 
1035 1171 1198 
1146 1206 
1035 1207 
1080 1026 
1080 1084 
1193 1138 
1138 1212 
1152 1029 
1026 1213 
1138 1180 
1067 1187 
1042 1156 
1336 1122 1138 
1080 1047 
1162 1189 
1033 1171 
1122 1215 
1162 1127 
1035 1215 
1032 1228 
1035 1046 
1336 1046 
1104 1066 
1334 1103 
1035 1053 
1187 1047 
1080 1026 1213 
1189 1126 
1136 1152 
1097 1177 
1128 1359 
1180 1093 
1138 1359 
1180 1359 
1073 1029 
1082 1138 1359 
1032 1071 
1117 1071 
1082 1138 
1152 1122 
1033 1084 
1155 1180 
1133 1047 
1122 1171 
1341 1126 
1033 1156 
1146 1341 
1144 1336 
1080 1086 
1146 1189 1162 
1201 1084 
1080 1177 
1035 1199 
1146 1180 
1042 1051 
1122 1198 
1152 1035 
1201 1115 
1227 1126 
1136 1201 1210 
1084 1206 
1026 1071 
1210 1084 
1152 1065 1180 
1065 1180 
1154 1126 
1104 1041 
1051 1086 
1035 1142 
1187 1109 
1144 1215 
1035 1198 
1144 1115 
1128 1126 
1155 1215 
1210 1115 
1114 1154 
1136 1215 
1152 1042 
1049 1044 
1115 1213 
1128 1125 
1026 1075 
1026 1171 
1075 1191 
1084 1341 
1033 1026 1201 
1144 1143 
1201 1210 1213 
1080 1336 1084 
1033 1071 
1162 1191 
1193 1035 
1154 1035 1214 
1154 1035 
1035 1214 
1115 1164 
1206 1071 
1080 1138 1336 
1152 1180 1213 
1162 1071 
1026 1158 
1180 1214 
1187 1180 
1201 1171 
1336 1201 
1201 1125 
1080 1201 
1193 1130 
1032 1146 
1114 1122 
1026 1084 1213 
1201 1187 
1122 1130 
1210 1084 1213 
1044 1213 
1201 1026 
1104 1109 
1104 1084 
1104 1213 
1104 1026 
1128 1044 1109 1136 
1128 1044 1109 
1136 1044 1109 
1189 1158 
1128 1136 1109 
1128 1044 1093 1109 
1114 1086 
1171 1187 
1146 1189 1198 
1136 1109 1213 
1210 1084 1213 1086 
1049 1201 
1152 1210 1109 1213 
1128 1114 1210 1109 
1128 1109 1093 1086 
1210 1114 1109 1213 
1109 1093 1086 1213 
1128 1210 1084 1086 
1128 1109 1086 
1136 1044 1109 1213 
1109 1093 1086 
1044 1109 1086 
1128 1136 1213 
1128 1044 1213 
1136 1210 1084 1213 
1210 1093 1086 1213 
1044 1213 1086 
1093 1086 
1128 1136 
1128 1146 1198 
1128 1201 1136 
1142 1071 
